Linux 2.6.18-164.2.1.el5 (rmai3db.ads.sp1.yahoo.com) 	08/14/2011

02:12:19 AM  CPU   %user   %nice    %sys %iowait    %irq   %soft  %steal   %idle    intr/s
02:12:20 AM  all    0.00    0.00    0.00    0.00    0.00    0.00    0.00  100.00   1019.00
02:12:20 AM    0    0.00    0.00    0.00    0.00    0.00    0.00    0.00  100.00   1002.00
02:12:20 AM    1    0.00    0.00    0.00    0.00    0.00    0.00    0.00  100.00      0.00
02:12:20 AM    2    0.00    0.00    0.00    0.00    0.00    0.00    0.00  100.00      0.00
02:12:20 AM    3    0.00    0.00    0.00    0.00    0.00    0.00    0.00  100.00      0.00
02:12:20 AM    4    0.00    0.00    0.00    0.00    0.00    0.00    0.00  100.00      1.00
02:12:20 AM    5    0.00    0.00    0.00    0.00    0.00    0.00    0.00  100.00      1.00
02:12:20 AM    6    0.00    0.00    0.00    0.00    0.00    0.00    0.00  100.00      0.00
02:12:20 AM    7    0.00    0.00    0.00    0.00    0.00    0.00    0.00  100.00      0.00
02:12:20 AM    8    0.00    0.00    0.00    0.00    0.00    0.00    0.00  100.00      0.00
02:12:20 AM    9    0.00    0.00    0.00    0.00    0.00    0.00    0.00  100.00      0.00
02:12:20 AM   10    0.00    0.00    0.00    0.00    0.00    0.00    0.00  100.00      0.00
02:12:20 AM   11    0.00    0.00    0.00    0.00    0.00    0.00    0.00  100.00      0.00
02:12:20 AM   12    0.00    0.00    0.00    0.00    0.00    0.00    0.00  100.00      1.00
02:12:20 AM   13    0.00    0.00    0.00    0.00    0.00    0.00    0.00  100.00      0.00
02:12:20 AM   14    0.00    0.00    0.00    0.00    0.00    0.00    0.00  100.00      0.00
02:12:20 AM   15    0.00    0.00    0.00    0.00    0.00    0.00    0.00  100.00     13.00

02:12:20 AM  CPU   %user   %nice    %sys %iowait    %irq   %soft  %steal   %idle    intr/s
02:12:21 AM  all    0.00    0.00    0.00    0.00    0.00    0.00    0.00  100.00   1010.00
02:12:21 AM    0    0.00    0.00    0.00    0.00    0.00    0.00    0.00  100.00   1001.00
02:12:21 AM    1    0.00    0.00    0.00    0.00    0.00    0.00    0.00  100.00      0.00
02:12:21 AM    2    0.00    0.00    0.00    0.00    0.00    0.00    0.00  100.00      0.00
02:12:21 AM    3    0.00    0.00    0.00    0.00    0.00    0.00    0.00  100.00      0.00
02:12:21 AM    4    0.00    0.00    0.00    0.00    0.00    0.00    0.00  100.00      0.00
02:12:21 AM    5    0.00    0.00    0.00    0.00    0.00    0.00    0.00  100.00      0.00
02:12:21 AM    6    0.00    0.00    0.00    0.00    0.00    0.00    0.00  100.00      0.00
02:12:21 AM    7    0.00    0.00    0.00    0.00    0.00    0.00    0.00  100.00      0.00
02:12:21 AM    8    0.00    0.00    0.00    0.00    0.00    0.00    0.00  100.00      0.00
02:12:21 AM    9    0.00    0.00    0.00    0.00    0.00    0.00    0.00  100.00      0.00
02:12:21 AM   10    0.00    0.00    0.00    0.00    0.00    0.00    0.00  100.00      0.00
02:12:21 AM   11    0.00    0.00    0.00    0.00    0.00    0.00    0.00  100.00      0.00
02:12:21 AM   12    0.00    0.00    0.00    0.00    0.00    0.00    0.00  100.00      1.00
02:12:21 AM   13    0.00    0.00    0.00    0.00    0.00    0.00    0.00  100.00      0.00
02:12:21 AM   14    0.00    0.00    0.00    0.00    0.00    0.00    0.00  100.00      2.00
02:12:21 AM   15    0.00    0.00    0.00    0.00    0.00    0.00    0.00  100.00      6.00

02:12:21 AM  CPU   %user   %nice    %sys %iowait    %irq   %soft  %steal   %idle    intr/s
02:12:22 AM  all   43.27    0.00   14.90    0.00    0.00    3.62    0.00   38.22   1033.00
02:12:22 AM    0   39.00    0.00   10.00    0.00    0.00    6.00    0.00   45.00   1001.00
02:12:22 AM    1   44.00    0.00   18.00    0.00    0.00    4.00    0.00   34.00      0.00
02:12:22 AM    2   38.61    0.00   16.83    0.00    0.00    3.96    0.00   40.59      0.00
02:12:22 AM    3   35.64    0.00   18.81    0.00    0.00    2.97    0.00   42.57      0.00
02:12:22 AM    4   38.00    0.00   17.00    0.00    0.00    4.00    0.00   41.00      1.00
02:12:22 AM    5   60.20    0.00    5.10    0.00    0.00    1.02    0.00   33.67      1.00
02:12:22 AM    6   41.00    0.00   16.00    0.00    0.00    4.00    0.00   39.00      0.00
02:12:22 AM    7   43.14    0.00   15.69    0.00    0.00    2.94    0.00   38.24      0.00
02:12:22 AM    8   37.37    0.00   15.15    0.00    0.00    5.05    0.00   42.42      0.00
02:12:22 AM    9   48.51    0.00   16.83    0.00    0.00    3.96    0.00   30.69      0.00
02:12:22 AM   10   37.00    0.00   19.00    0.00    0.00    4.00    0.00   40.00      0.00
02:12:22 AM   11   38.61    0.00   16.83    0.00    0.00    3.96    0.00   40.59      0.00
02:12:22 AM   12   39.60    0.00   16.83    0.00    0.00    3.96    0.00   39.60      2.00
02:12:22 AM   13   63.00    0.00    7.00    0.00    0.00    1.00    0.00   29.00      0.00
02:12:22 AM   14   42.00    0.00   16.00    0.00    0.00    3.00    0.00   39.00     10.00
02:12:22 AM   15   45.00    0.00   15.00    0.00    0.00    4.00    0.00   36.00     18.00

02:12:22 AM  CPU   %user   %nice    %sys %iowait    %irq   %soft  %steal   %idle    intr/s
02:12:23 AM  all   47.59    0.00   43.15    0.00    0.00    8.69    0.00    0.56   1091.00
02:12:23 AM    0   56.00    0.00   28.00    0.00    0.00   16.00    0.00    0.00   1001.00
02:12:23 AM    1   47.06    0.00   44.12    0.00    0.00    7.84    0.00    0.98      0.00
02:12:23 AM    2   47.00    0.00   44.00    0.00    0.00    8.00    0.00    1.00      0.00
02:12:23 AM    3   51.00    0.00   41.00    0.00    0.00    7.00    0.00    1.00      0.00
02:12:23 AM    4   46.53    0.00   44.55    0.00    0.00    7.92    0.00    0.99      0.00
02:12:23 AM    5   44.55    0.00   45.54    0.00    0.00    8.91    0.00    0.99      0.00
02:12:23 AM    6   48.00    0.00   44.00    0.00    0.00    8.00    0.00    0.00      0.00
02:12:23 AM    7   50.51    0.00   41.41    0.00    0.00    8.08    0.00    0.00      0.00
02:12:23 AM    8   47.00    0.00   40.00    0.00    0.00   12.00    0.00    1.00      0.00
02:12:23 AM    9   46.46    0.00   45.45    0.00    0.00    8.08    0.00    0.00      0.00
02:12:23 AM   10   49.00    0.00   43.00    0.00    0.00    8.00    0.00    0.00      0.00
02:12:23 AM   11   45.00    0.00   46.00    0.00    0.00    8.00    0.00    1.00      0.00
02:12:23 AM   12   41.41    0.00   50.51    0.00    0.00    7.07    0.00    1.01      2.00
02:12:23 AM   13   47.00    0.00   45.00    0.00    0.00    8.00    0.00    0.00      0.00
02:12:23 AM   14   47.47    0.00   44.44    0.00    0.00    8.08    0.00    0.00      4.00
02:12:23 AM   15   45.54    0.00   43.56    0.00    0.00    9.90    0.00    0.99     84.00

02:12:23 AM  CPU   %user   %nice    %sys %iowait    %irq   %soft  %steal   %idle    intr/s
02:12:24 AM  all   45.79    0.00   44.54    0.00    0.00    8.30    0.00    1.37   1026.73
02:12:24 AM    0   52.48    0.00   26.73    0.00    0.00   18.81    0.00    1.98    991.09
02:12:24 AM    1   48.00    0.00   44.00    0.00    0.00    6.00    0.00    2.00      0.00
02:12:24 AM    2   46.00    0.00   46.00    0.00    0.00    7.00    0.00    1.00      0.00
02:12:24 AM    3   45.00    0.00   45.00    0.00    0.00    8.00    0.00    2.00      0.00
02:12:24 AM    4   44.00    0.00   48.00    0.00    0.00    7.00    0.00    1.00      0.99
02:12:24 AM    5   42.00    0.00   49.00    0.00    0.00    8.00    0.00    1.00      5.94
02:12:24 AM    6   44.55    0.00   46.53    0.00    0.00    7.92    0.00    0.99      0.00
02:12:24 AM    7   43.56    0.00   44.55    0.00    0.00    9.90    0.00    1.98      0.00
02:12:24 AM    8   47.52    0.00   40.59    0.00    0.00   10.89    0.00    0.99      0.00
02:12:24 AM    9   47.00    0.00   44.00    0.00    0.00    7.00    0.00    2.00      0.00
02:12:24 AM   10   45.00    0.00   45.00    0.00    0.00    8.00    0.00    2.00      0.00
02:12:24 AM   11   46.94    0.00   45.92    0.00    0.00    6.12    0.00    1.02      0.00
02:12:24 AM   12   44.00    0.00   48.00    0.00    0.00    7.00    0.00    1.00      2.97
02:12:24 AM   13   43.00    0.00   48.00    0.00    0.00    7.00    0.00    2.00      0.00
02:12:24 AM   14   45.54    0.00   43.56    0.00    0.00    8.91    0.00    1.98      3.96
02:12:24 AM   15   46.53    0.00   44.55    0.00    0.00    6.93    0.00    1.98     21.78

02:12:24 AM  CPU   %user   %nice    %sys %iowait    %irq   %soft  %steal   %idle    intr/s
02:12:25 AM  all   43.47    0.00   47.66    0.00    0.00    8.43    0.00    0.44   1040.82
02:12:25 AM    0   53.06    0.00   27.55    0.00    0.00   19.39    0.00    0.00   1021.43
02:12:25 AM    1   43.00    0.00   48.00    0.00    0.00    7.00    0.00    2.00      0.00
02:12:25 AM    2   44.00    0.00   50.00    0.00    0.00    6.00    0.00    0.00      0.00
02:12:25 AM    3   43.00    0.00   49.00    0.00    0.00    8.00    0.00    0.00      0.00
02:12:25 AM    4   41.41    0.00   50.51    0.00    0.00    8.08    0.00    0.00      0.00
02:12:25 AM    5   42.00    0.00   50.00    0.00    0.00    8.00    0.00    0.00      0.00
02:12:25 AM    6   42.42    0.00   48.48    0.00    0.00    8.08    0.00    1.01      0.00
02:12:25 AM    7   43.43    0.00   50.51    0.00    0.00    6.06    0.00    0.00      0.00
02:12:25 AM    8   46.00    0.00   45.00    0.00    0.00    8.00    0.00    1.00      0.00
02:12:25 AM    9   46.00    0.00   47.00    0.00    0.00    7.00    0.00    0.00      0.00
02:12:25 AM   10   42.00    0.00   50.00    0.00    0.00    8.00    0.00    0.00      0.00
02:12:25 AM   11   43.56    0.00   48.51    0.00    0.00    7.92    0.00    0.00      0.00
02:12:25 AM   12   44.55    0.00   48.51    0.00    0.00    6.93    0.00    0.00      2.04
02:12:25 AM   13   42.00    0.00   50.00    0.00    0.00    8.00    0.00    0.00      0.00
02:12:25 AM   14   42.00    0.00   52.00    0.00    0.00    6.00    0.00    0.00      4.08
02:12:25 AM   15   41.41    0.00   50.51    0.00    0.00    8.08    0.00    0.00     13.27

02:12:25 AM  CPU   %user   %nice    %sys %iowait    %irq   %soft  %steal   %idle    intr/s
02:12:26 AM  all   40.41    0.00   50.72    0.00    0.00    8.31    0.00    0.56   1000.00
02:12:26 AM    0   48.04    0.00   29.41    0.00    0.00   21.57    0.00    0.98    981.37
02:12:26 AM    1   40.40    0.00   52.53    0.00    0.00    6.06    0.00    1.01      0.00
02:12:26 AM    2   41.00    0.00   50.00    0.00    0.00    8.00    0.00    1.00      0.00
02:12:26 AM    3   37.00    0.00   55.00    0.00    0.00    8.00    0.00    0.00      0.00
02:12:26 AM    4   37.62    0.00   52.48    0.00    0.00    8.91    0.00    0.99      0.98
02:12:26 AM    5   40.00    0.00   53.00    0.00    0.00    6.00    0.00    1.00      0.98
02:12:26 AM    6   40.00    0.00   52.00    0.00    0.00    8.00    0.00    0.00      0.00
02:12:26 AM    7   38.61    0.00   53.47    0.00    0.00    6.93    0.00    0.99      0.00
02:12:26 AM    8   41.00    0.00   48.00    0.00    0.00   10.00    0.00    1.00      0.00
02:12:26 AM    9   39.00    0.00   53.00    0.00    0.00    8.00    0.00    0.00      0.00
02:12:26 AM   10   39.00    0.00   53.00    0.00    0.00    8.00    0.00    0.00      0.00
02:12:26 AM   11   39.00    0.00   52.00    0.00    0.00    8.00    0.00    1.00      0.00
02:12:26 AM   12   40.00    0.00   52.00    0.00    0.00    7.00    0.00    1.00      1.96
02:12:26 AM   13   41.58    0.00   51.49    0.00    0.00    6.93    0.00    0.00      0.00
02:12:26 AM   14   39.60    0.00   51.49    0.00    0.00    7.92    0.00    0.99      3.92
02:12:26 AM   15   41.41    0.00   51.52    0.00    0.00    7.07    0.00    0.00     10.78

02:12:26 AM  CPU   %user   %nice    %sys %iowait    %irq   %soft  %steal   %idle    intr/s
02:12:27 AM  all   40.26    0.00   51.37    0.00    0.00    8.18    0.00    0.19   1044.00
02:12:27 AM    0   48.00    0.00   31.00    0.00    0.00   21.00    0.00    0.00   1001.00
02:12:27 AM    1   41.58    0.00   51.49    0.00    0.00    6.93    0.00    0.00      0.00
02:12:27 AM    2   41.00    0.00   51.00    0.00    0.00    8.00    0.00    0.00      0.00
02:12:27 AM    3   42.00    0.00   51.00    0.00    0.00    7.00    0.00    0.00      0.00
02:12:27 AM    4   37.37    0.00   55.56    0.00    0.00    7.07    0.00    0.00      0.00
02:12:27 AM    5   39.60    0.00   54.46    0.00    0.00    5.94    0.00    0.00     20.00
02:12:27 AM    6   40.00    0.00   54.00    0.00    0.00    6.00    0.00    0.00      0.00
02:12:27 AM    7   41.00    0.00   53.00    0.00    0.00    6.00    0.00    0.00      0.00
02:12:27 AM    8   42.00    0.00   47.00    0.00    0.00   11.00    0.00    0.00      0.00
02:12:27 AM    9   40.00    0.00   54.00    0.00    0.00    6.00    0.00    0.00      0.00
02:12:27 AM   10   38.61    0.00   52.48    0.00    0.00    7.92    0.00    0.99      0.00
02:12:27 AM   11   39.00    0.00   53.00    0.00    0.00    8.00    0.00    0.00      0.00
02:12:27 AM   12   38.61    0.00   52.48    0.00    0.00    8.91    0.00    0.00      2.00
02:12:27 AM   13   37.37    0.00   55.56    0.00    0.00    7.07    0.00    0.00      0.00
02:12:27 AM   14   41.00    0.00   52.00    0.00    0.00    7.00    0.00    0.00      3.00
02:12:27 AM   15   40.00    0.00   54.00    0.00    0.00    6.00    0.00    0.00     18.00

02:12:27 AM  CPU   %user   %nice    %sys %iowait    %irq   %soft  %steal   %idle    intr/s
02:12:28 AM  all   39.60    0.00   51.41    0.00    0.00    8.37    0.00    0.62   1019.00
02:12:28 AM    0   48.00    0.00   29.00    0.00    0.00   22.00    0.00    1.00   1001.00
02:12:28 AM    1   38.00    0.00   55.00    0.00    0.00    7.00    0.00    0.00      0.00
02:12:28 AM    2   41.00    0.00   50.00    0.00    0.00    8.00    0.00    1.00      0.00
02:12:28 AM    3   40.00    0.00   52.00    0.00    0.00    7.00    0.00    1.00      0.00
02:12:28 AM    4   39.22    0.00   52.94    0.00    0.00    6.86    0.00    0.98      2.00
02:12:28 AM    5   41.41    0.00   51.52    0.00    0.00    7.07    0.00    0.00      1.00
02:12:28 AM    6   39.60    0.00   52.48    0.00    0.00    6.93    0.00    0.99      0.00
02:12:28 AM    7   40.59    0.00   52.48    0.00    0.00    5.94    0.00    0.99      0.00
02:12:28 AM    8   39.60    0.00   49.50    0.00    0.00    9.90    0.00    0.99      0.00
02:12:28 AM    9   37.37    0.00   54.55    0.00    0.00    7.07    0.00    1.01      0.00
02:12:28 AM   10   37.00    0.00   55.00    0.00    0.00    7.00    0.00    1.00      0.00
02:12:28 AM   11   37.25    0.00   51.96    0.00    0.00    9.80    0.00    0.98      0.00
02:12:28 AM   12   38.78    0.00   54.08    0.00    0.00    7.14    0.00    0.00      3.00
02:12:28 AM   13   38.00    0.00   54.00    0.00    0.00    7.00    0.00    1.00      0.00
02:12:28 AM   14   37.37    0.00   54.55    0.00    0.00    8.08    0.00    0.00      4.00
02:12:28 AM   15   38.61    0.00   53.47    0.00    0.00    6.93    0.00    0.99      8.00

02:12:28 AM  CPU   %user   %nice    %sys %iowait    %irq   %soft  %steal   %idle    intr/s
02:12:29 AM  all   39.48    0.00   51.84    0.00    0.00    8.31    0.00    0.37   1027.27
02:12:29 AM    0   48.48    0.00   31.31    0.00    0.00   20.20    0.00    0.00   1011.11
02:12:29 AM    1   37.00    0.00   56.00    0.00    0.00    6.00    0.00    1.00      0.00
02:12:29 AM    2   40.00    0.00   52.00    0.00    0.00    8.00    0.00    0.00      0.00
02:12:29 AM    3   38.61    0.00   51.49    0.00    0.00    8.91    0.00    0.99      0.00
02:12:29 AM    4   36.36    0.00   56.57    0.00    0.00    7.07    0.00    0.00      0.00
02:12:29 AM    5   41.58    0.00   51.49    0.00    0.00    5.94    0.00    0.99      0.00
02:12:29 AM    6   39.00    0.00   53.00    0.00    0.00    8.00    0.00    0.00      0.00
02:12:29 AM    7   37.00    0.00   55.00    0.00    0.00    8.00    0.00    0.00      0.00
02:12:29 AM    8   40.40    0.00   48.48    0.00    0.00   11.11    0.00    0.00      0.00
02:12:29 AM    9   39.00    0.00   54.00    0.00    0.00    7.00    0.00    0.00      0.00
02:12:29 AM   10   38.38    0.00   52.53    0.00    0.00    9.09    0.00    0.00      0.00
02:12:29 AM   11   40.82    0.00   53.06    0.00    0.00    6.12    0.00    0.00      0.00
02:12:29 AM   12   39.22    0.00   52.94    0.00    0.00    6.86    0.00    0.98      2.02
02:12:29 AM   13   39.60    0.00   52.48    0.00    0.00    7.92    0.00    0.00      0.00
02:12:29 AM   14   37.62    0.00   54.46    0.00    0.00    6.93    0.00    0.99      4.04
02:12:29 AM   15   39.00    0.00   55.00    0.00    0.00    6.00    0.00    0.00     10.10

02:12:29 AM  CPU   %user   %nice    %sys %iowait    %irq   %soft  %steal   %idle    intr/s
02:12:30 AM  all   39.69    0.00   51.38    0.00    0.00    8.75    0.00    0.19   1019.80
02:12:30 AM    0   47.52    0.00   31.68    0.00    0.00   20.79    0.00    0.00    991.09
02:12:30 AM    1   40.00    0.00   52.00    0.00    0.00    8.00    0.00    0.00      0.00
02:12:30 AM    2   41.41    0.00   50.51    0.00    0.00    8.08    0.00    0.00      0.00
02:12:30 AM    3   37.00    0.00   54.00    0.00    0.00    9.00    0.00    0.00      0.00
02:12:30 AM    4   41.00    0.00   50.00    0.00    0.00    8.00    0.00    1.00      0.99
02:12:30 AM    5   38.00    0.00   54.00    0.00    0.00    8.00    0.00    0.00      6.93
02:12:30 AM    6   38.38    0.00   54.55    0.00    0.00    7.07    0.00    0.00      0.00
02:12:30 AM    7   39.39    0.00   54.55    0.00    0.00    6.06    0.00    0.00      0.00
02:12:30 AM    8   37.00    0.00   52.00    0.00    0.00   10.00    0.00    1.00      0.00
02:12:30 AM    9   36.27    0.00   53.92    0.00    0.00    8.82    0.00    0.98      0.00
02:12:30 AM   10   40.00    0.00   51.00    0.00    0.00    9.00    0.00    0.00      0.00
02:12:30 AM   11   43.56    0.00   47.52    0.00    0.00    7.92    0.00    0.99      0.00
02:12:30 AM   12   39.39    0.00   53.54    0.00    0.00    7.07    0.00    0.00      2.97
02:12:30 AM   13   38.38    0.00   55.56    0.00    0.00    6.06    0.00    0.00      0.00
02:12:30 AM   14   36.36    0.00   55.56    0.00    0.00    8.08    0.00    0.00      2.97
02:12:30 AM   15   40.59    0.00   51.49    0.00    0.00    6.93    0.00    0.99     14.85

02:12:30 AM  CPU   %user   %nice    %sys %iowait    %irq   %soft  %steal   %idle    intr/s
02:12:31 AM  all   38.78    0.00   52.62    0.00    0.00    8.04    0.00    0.56   1006.93
02:12:31 AM    0   46.53    0.00   32.67    0.00    0.00   19.80    0.00    0.99    991.09
02:12:31 AM    1   38.61    0.00   52.48    0.00    0.00    7.92    0.00    0.99      0.00
02:12:31 AM    2   38.61    0.00   52.48    0.00    0.00    7.92    0.00    0.99      0.00
02:12:31 AM    3   36.36    0.00   55.56    0.00    0.00    7.07    0.00    1.01      0.00
02:12:31 AM    4   36.00    0.00   57.00    0.00    0.00    7.00    0.00    0.00      0.00
02:12:31 AM    5   39.39    0.00   54.55    0.00    0.00    6.06    0.00    0.00      0.00
02:12:31 AM    6   38.61    0.00   53.47    0.00    0.00    6.93    0.00    0.99      0.00
02:12:31 AM    7   39.00    0.00   53.00    0.00    0.00    7.00    0.00    1.00      0.00
02:12:31 AM    8   40.00    0.00   51.00    0.00    0.00    9.00    0.00    0.00      0.00
02:12:31 AM    9   40.00    0.00   52.00    0.00    0.00    8.00    0.00    0.00      0.00
02:12:31 AM   10   40.00    0.00   52.00    0.00    0.00    7.00    0.00    1.00      0.00
02:12:31 AM   11   38.38    0.00   54.55    0.00    0.00    7.07    0.00    0.00      0.00
02:12:31 AM   12   34.65    0.00   57.43    0.00    0.00    7.92    0.00    0.00      1.98
02:12:31 AM   13   36.63    0.00   56.44    0.00    0.00    5.94    0.00    0.99      0.00
02:12:31 AM   14   40.00    0.00   53.00    0.00    0.00    7.00    0.00    0.00      3.96
02:12:31 AM   15   38.38    0.00   54.55    0.00    0.00    7.07    0.00    0.00      9.90

02:12:31 AM  CPU   %user   %nice    %sys %iowait    %irq   %soft  %steal   %idle    intr/s
02:12:32 AM  all   40.38    0.00   51.75    0.00    0.00    7.62    0.00    0.25   1049.49
02:12:32 AM    0   50.51    0.00   30.30    0.00    0.00   19.19    0.00    0.00   1011.11
02:12:32 AM    1   39.00    0.00   53.00    0.00    0.00    8.00    0.00    0.00      0.00
02:12:32 AM    2   39.60    0.00   54.46    0.00    0.00    5.94    0.00    0.00      0.00
02:12:32 AM    3   41.00    0.00   52.00    0.00    0.00    7.00    0.00    0.00      0.00
02:12:32 AM    4   37.00    0.00   57.00    0.00    0.00    6.00    0.00    0.00      1.01
02:12:32 AM    5   39.60    0.00   51.49    0.00    0.00    7.92    0.00    0.99      2.02
02:12:32 AM    6   39.00    0.00   54.00    0.00    0.00    7.00    0.00    0.00      0.00
02:12:32 AM    7   40.00    0.00   53.00    0.00    0.00    7.00    0.00    0.00      0.00
02:12:32 AM    8   41.58    0.00   49.50    0.00    0.00    8.91    0.00    0.00      0.00
02:12:32 AM    9   38.00    0.00   55.00    0.00    0.00    6.00    0.00    1.00      0.00
02:12:32 AM   10   41.58    0.00   52.48    0.00    0.00    5.94    0.00    0.00      0.00
02:12:32 AM   11   37.62    0.00   54.46    0.00    0.00    6.93    0.00    0.99      0.00
02:12:32 AM   12   40.00    0.00   52.00    0.00    0.00    7.00    0.00    1.00      3.03
02:12:32 AM   13   40.00    0.00   54.00    0.00    0.00    6.00    0.00    0.00      0.00
02:12:32 AM   14   40.59    0.00   51.49    0.00    0.00    6.93    0.00    0.99      4.04
02:12:32 AM   15   39.60    0.00   53.47    0.00    0.00    6.93    0.00    0.00     28.28

02:12:32 AM  CPU   %user   %nice    %sys %iowait    %irq   %soft  %steal   %idle    intr/s
02:12:33 AM  all   39.38    0.00   52.00    0.00    0.00    7.94    0.00    0.69   1013.00
02:12:33 AM    0   48.00    0.00   29.00    0.00    0.00   22.00    0.00    1.00   1001.00
02:12:33 AM    1   40.00    0.00   52.00    0.00    0.00    7.00    0.00    1.00      0.00
02:12:33 AM    2   40.40    0.00   51.52    0.00    0.00    7.07    0.00    1.01      0.00
02:12:33 AM    3   38.61    0.00   53.47    0.00    0.00    6.93    0.00    0.99      0.00
02:12:33 AM    4   38.61    0.00   52.48    0.00    0.00    7.92    0.00    0.99      0.00
02:12:33 AM    5   38.00    0.00   54.00    0.00    0.00    8.00    0.00    0.00      0.00
02:12:33 AM    6   38.61    0.00   54.46    0.00    0.00    5.94    0.00    0.99      0.00
02:12:33 AM    7   36.00    0.00   58.00    0.00    0.00    5.00    0.00    1.00      0.00
02:12:33 AM    8   39.00    0.00   50.00    0.00    0.00   10.00    0.00    1.00      0.00
02:12:33 AM    9   40.00    0.00   53.00    0.00    0.00    7.00    0.00    0.00      0.00
02:12:33 AM   10   38.38    0.00   51.52    0.00    0.00    9.09    0.00    1.01      0.00
02:12:33 AM   11   40.00    0.00   54.00    0.00    0.00    5.00    0.00    1.00      0.00
02:12:33 AM   12   38.38    0.00   54.55    0.00    0.00    7.07    0.00    0.00      2.00
02:12:33 AM   13   40.40    0.00   52.53    0.00    0.00    6.06    0.00    1.01      0.00
02:12:33 AM   14   39.39    0.00   53.54    0.00    0.00    7.07    0.00    0.00      4.00
02:12:33 AM   15   35.00    0.00   58.00    0.00    0.00    6.00    0.00    1.00      6.00

02:12:33 AM  CPU   %user   %nice    %sys %iowait    %irq   %soft  %steal   %idle    intr/s
02:12:34 AM  all   39.89    0.00   51.31    0.00    0.00    8.11    0.00    0.69   1219.00
02:12:34 AM    0   51.00    0.00   28.00    0.00    0.00   21.00    0.00    0.00   1001.00
02:12:34 AM    1   38.38    0.00   52.53    0.00    0.00    9.09    0.00    0.00      0.00
02:12:34 AM    2   38.61    0.00   51.49    0.00    0.00    8.91    0.00    0.99      0.00
02:12:34 AM    3   39.39    0.00   53.54    0.00    0.00    6.06    0.00    1.01      0.00
02:12:34 AM    4   38.38    0.00   54.55    0.00    0.00    7.07    0.00    0.00      1.00
02:12:34 AM    5   40.00    0.00   53.00    0.00    0.00    6.00    0.00    1.00      7.00
02:12:34 AM    6   39.39    0.00   52.53    0.00    0.00    8.08    0.00    0.00      0.00
02:12:34 AM    7   37.62    0.00   54.46    0.00    0.00    6.93    0.00    0.99      0.00
02:12:34 AM    8   40.00    0.00   50.00    0.00    0.00    9.00    0.00    1.00      0.00
02:12:34 AM    9   39.00    0.00   53.00    0.00    0.00    7.00    0.00    1.00      0.00
02:12:34 AM   10   37.62    0.00   53.47    0.00    0.00    7.92    0.00    0.99      0.00
02:12:34 AM   11   39.00    0.00   54.00    0.00    0.00    7.00    0.00    0.00      0.00
02:12:34 AM   12   39.60    0.00   53.47    0.00    0.00    5.94    0.00    0.99      3.00
02:12:34 AM   13   41.58    0.00   51.49    0.00    0.00    6.93    0.00    0.00      0.00
02:12:34 AM   14   38.61    0.00   51.49    0.00    0.00    8.91    0.00    0.99     98.00
02:12:34 AM   15   40.40    0.00   53.54    0.00    0.00    6.06    0.00    0.00    110.00

02:12:34 AM  CPU   %user   %nice    %sys %iowait    %irq   %soft  %steal   %idle    intr/s
02:12:35 AM  all   39.55    0.00   51.28    0.00    0.00    8.30    0.00    0.87   1027.72
02:12:35 AM    0   45.54    0.00   30.69    0.00    0.00   22.77    0.00    0.99    991.09
02:12:35 AM    1   40.59    0.00   51.49    0.00    0.00    6.93    0.00    0.99      0.00
02:12:35 AM    2   38.00    0.00   53.00    0.00    0.00    9.00    0.00    0.00      0.00
02:12:35 AM    3   39.00    0.00   51.00    0.00    0.00    9.00    0.00    1.00      0.00
02:12:35 AM    4   40.00    0.00   52.00    0.00    0.00    7.00    0.00    1.00      0.00
02:12:35 AM    5   40.00    0.00   53.00    0.00    0.00    6.00    0.00    1.00      5.94
02:12:35 AM    6   37.00    0.00   54.00    0.00    0.00    8.00    0.00    1.00      0.00
02:12:35 AM    7   41.41    0.00   52.53    0.00    0.00    6.06    0.00    0.00      0.00
02:12:35 AM    8   36.63    0.00   52.48    0.00    0.00    9.90    0.00    0.99      0.00
02:12:35 AM    9   40.59    0.00   53.47    0.00    0.00    4.95    0.00    0.99      0.00
02:12:35 AM   10   38.00    0.00   54.00    0.00    0.00    7.00    0.00    1.00      0.00
02:12:35 AM   11   40.00    0.00   52.00    0.00    0.00    7.00    0.00    1.00      0.00
02:12:35 AM   12   41.00    0.00   52.00    0.00    0.00    6.00    0.00    1.00      1.98
02:12:35 AM   13   41.00    0.00   51.00    0.00    0.00    7.00    0.00    1.00      0.00
02:12:35 AM   14   38.00    0.00   54.00    0.00    0.00    7.00    0.00    1.00     11.88
02:12:35 AM   15   38.61    0.00   53.47    0.00    0.00    6.93    0.00    0.99     15.84

02:12:35 AM  CPU   %user   %nice    %sys %iowait    %irq   %soft  %steal   %idle    intr/s
02:12:36 AM  all   40.40    0.00   51.22    0.00    0.00    7.82    0.00    0.56   1020.00
02:12:36 AM    0   47.00    0.00   30.00    0.00    0.00   22.00    0.00    1.00   1001.00
02:12:36 AM    1   43.43    0.00   49.49    0.00    0.00    6.06    0.00    1.01      0.00
02:12:36 AM    2   40.00    0.00   52.00    0.00    0.00    7.00    0.00    1.00      0.00
02:12:36 AM    3   37.62    0.00   53.47    0.00    0.00    7.92    0.00    0.99      0.00
02:12:36 AM    4   41.00    0.00   53.00    0.00    0.00    5.00    0.00    1.00      1.00
02:12:36 AM    5   41.00    0.00   53.00    0.00    0.00    6.00    0.00    0.00      1.00
02:12:36 AM    6   39.00    0.00   53.00    0.00    0.00    7.00    0.00    1.00      0.00
02:12:36 AM    7   40.59    0.00   51.49    0.00    0.00    6.93    0.00    0.99      0.00
02:12:36 AM    8   40.40    0.00   49.49    0.00    0.00   10.10    0.00    0.00      0.00
02:12:36 AM    9   38.78    0.00   53.06    0.00    0.00    8.16    0.00    0.00      0.00
02:12:36 AM   10   39.00    0.00   54.00    0.00    0.00    7.00    0.00    0.00      0.00
02:12:36 AM   11   41.00    0.00   53.00    0.00    0.00    6.00    0.00    0.00      0.00
02:12:36 AM   12   37.62    0.00   53.47    0.00    0.00    7.92    0.00    0.99      3.00
02:12:36 AM   13   39.00    0.00   54.00    0.00    0.00    6.00    0.00    1.00      0.00
02:12:36 AM   14   41.00    0.00   53.00    0.00    0.00    6.00    0.00    0.00      3.00
02:12:36 AM   15   38.00    0.00   53.00    0.00    0.00    8.00    0.00    1.00     11.00

02:12:36 AM  CPU   %user   %nice    %sys %iowait    %irq   %soft  %steal   %idle    intr/s
02:12:37 AM  all   39.08    0.00   52.25    0.00    0.00    8.18    0.00    0.50   1014.00
02:12:37 AM    0   48.00    0.00   27.00    0.00    0.00   25.00    0.00    0.00   1001.00
02:12:37 AM    1   38.61    0.00   54.46    0.00    0.00    6.93    0.00    0.00      0.00
02:12:37 AM    2   40.00    0.00   53.00    0.00    0.00    7.00    0.00    0.00      0.00
02:12:37 AM    3   37.00    0.00   56.00    0.00    0.00    7.00    0.00    0.00      0.00
02:12:37 AM    4   38.00    0.00   56.00    0.00    0.00    6.00    0.00    0.00      0.00
02:12:37 AM    5   36.00    0.00   55.00    0.00    0.00    8.00    0.00    1.00      0.00
02:12:37 AM    6   40.00    0.00   52.00    0.00    0.00    8.00    0.00    0.00      0.00
02:12:37 AM    7   38.38    0.00   55.56    0.00    0.00    6.06    0.00    0.00      0.00
02:12:37 AM    8   39.00    0.00   53.00    0.00    0.00    8.00    0.00    0.00      0.00
02:12:37 AM    9   39.22    0.00   51.96    0.00    0.00    7.84    0.00    0.98      0.00
02:12:37 AM   10   39.00    0.00   54.00    0.00    0.00    6.00    0.00    1.00      0.00
02:12:37 AM   11   39.39    0.00   53.54    0.00    0.00    6.06    0.00    1.01      0.00
02:12:37 AM   12   37.37    0.00   56.57    0.00    0.00    6.06    0.00    0.00      2.00
02:12:37 AM   13   35.64    0.00   55.45    0.00    0.00    7.92    0.00    0.99      0.00
02:12:37 AM   14   40.00    0.00   52.00    0.00    0.00    7.00    0.00    1.00      4.00
02:12:37 AM   15   40.00    0.00   54.00    0.00    0.00    6.00    0.00    0.00      7.00

02:12:37 AM  CPU   %user   %nice    %sys %iowait    %irq   %soft  %steal   %idle    intr/s
02:12:38 AM  all   38.93    0.00   51.78    0.00    0.00    8.61    0.00    0.69   1025.00
02:12:38 AM    0   47.00    0.00   32.00    0.00    0.00   20.00    0.00    1.00   1001.00
02:12:38 AM    1   39.00    0.00   52.00    0.00    0.00    8.00    0.00    1.00      0.00
02:12:38 AM    2   36.00    0.00   55.00    0.00    0.00    8.00    0.00    1.00      0.00
02:12:38 AM    3   34.34    0.00   56.57    0.00    0.00    8.08    0.00    1.01      0.00
02:12:38 AM    4   36.63    0.00   56.44    0.00    0.00    5.94    0.00    0.99      1.00
02:12:38 AM    5   38.61    0.00   52.48    0.00    0.00    7.92    0.00    0.99      1.00
02:12:38 AM    6   38.61    0.00   52.48    0.00    0.00    7.92    0.00    0.99      0.00
02:12:38 AM    7   35.64    0.00   55.45    0.00    0.00    7.92    0.00    0.99      0.00
02:12:38 AM    8   38.61    0.00   48.51    0.00    0.00   11.88    0.00    0.99      0.00
02:12:38 AM    9   37.37    0.00   54.55    0.00    0.00    8.08    0.00    0.00      0.00
02:12:38 AM   10   42.00    0.00   50.00    0.00    0.00    8.00    0.00    0.00      0.00
02:12:38 AM   11   40.20    0.00   50.98    0.00    0.00    7.84    0.00    0.98      0.00
02:12:38 AM   12   39.00    0.00   52.00    0.00    0.00    8.00    0.00    1.00      3.00
02:12:38 AM   13   38.38    0.00   53.54    0.00    0.00    8.08    0.00    0.00      0.00
02:12:38 AM   14   40.00    0.00   52.00    0.00    0.00    7.00    0.00    1.00      4.00
02:12:38 AM   15   40.00    0.00   53.00    0.00    0.00    6.00    0.00    1.00     15.00

02:12:38 AM  CPU   %user   %nice    %sys %iowait    %irq   %soft  %steal   %idle    intr/s
02:12:39 AM  all   38.85    0.00   52.28    0.00    0.00    8.12    0.00    0.75   1026.26
02:12:39 AM    0   49.49    0.00   31.31    0.00    0.00   19.19    0.00    0.00   1011.11
02:12:39 AM    1   36.00    0.00   55.00    0.00    0.00    8.00    0.00    1.00      0.00
02:12:39 AM    2   39.00    0.00   54.00    0.00    0.00    6.00    0.00    1.00      0.00
02:12:39 AM    3   37.25    0.00   53.92    0.00    0.00    7.84    0.00    0.98      0.00
02:12:39 AM    4   38.00    0.00   55.00    0.00    0.00    7.00    0.00    0.00      0.00
02:12:39 AM    5   39.39    0.00   53.54    0.00    0.00    7.07    0.00    0.00      0.00
02:12:39 AM    6   37.62    0.00   53.47    0.00    0.00    7.92    0.00    0.99      0.00
02:12:39 AM    7   38.00    0.00   53.00    0.00    0.00    8.00    0.00    1.00      0.00
02:12:39 AM    8   38.00    0.00   52.00    0.00    0.00   10.00    0.00    0.00      0.00
02:12:39 AM    9   39.00    0.00   53.00    0.00    0.00    6.00    0.00    2.00      0.00
02:12:39 AM   10   38.61    0.00   52.48    0.00    0.00    7.92    0.00    0.99      0.00
02:12:39 AM   11   39.39    0.00   53.54    0.00    0.00    7.07    0.00    0.00      0.00
02:12:39 AM   12   38.61    0.00   53.47    0.00    0.00    6.93    0.00    0.99      2.02
02:12:39 AM   13   40.00    0.00   53.00    0.00    0.00    6.00    0.00    1.00      0.00
02:12:39 AM   14   38.38    0.00   54.55    0.00    0.00    7.07    0.00    0.00      5.05
02:12:39 AM   15   37.37    0.00   55.56    0.00    0.00    7.07    0.00    0.00      8.08

02:12:39 AM  CPU   %user   %nice    %sys %iowait    %irq   %soft  %steal   %idle    intr/s
02:12:40 AM  all   39.16    0.00   51.28    0.00    0.00    8.31    0.00    1.25   1026.00
02:12:40 AM    0   46.00    0.00   29.00    0.00    0.00   24.00    0.00    1.00   1001.00
02:12:40 AM    1   39.00    0.00   51.00    0.00    0.00    8.00    0.00    2.00      0.00
02:12:40 AM    2   39.00    0.00   52.00    0.00    0.00    8.00    0.00    1.00      0.00
02:12:40 AM    3   42.86    0.00   50.00    0.00    0.00    6.12    0.00    1.02      0.00
02:12:40 AM    4   37.00    0.00   55.00    0.00    0.00    7.00    0.00    1.00      1.00
02:12:40 AM    5   38.00    0.00   51.00    0.00    0.00    9.00    0.00    2.00      1.00
02:12:40 AM    6   40.40    0.00   52.53    0.00    0.00    6.06    0.00    1.01      0.00
02:12:40 AM    7   39.00    0.00   54.00    0.00    0.00    6.00    0.00    1.00      0.00
02:12:40 AM    8   39.00    0.00   50.00    0.00    0.00    9.00    0.00    2.00      0.00
02:12:40 AM    9   38.00    0.00   54.00    0.00    0.00    7.00    0.00    1.00      0.00
02:12:40 AM   10   35.00    0.00   55.00    0.00    0.00    8.00    0.00    2.00      0.00
02:12:40 AM   11   36.00    0.00   56.00    0.00    0.00    6.00    0.00    2.00      0.00
02:12:40 AM   12   39.00    0.00   52.00    0.00    0.00    8.00    0.00    1.00      4.00
02:12:40 AM   13   37.62    0.00   55.45    0.00    0.00    5.94    0.00    0.99      0.00
02:12:40 AM   14   39.60    0.00   51.49    0.00    0.00    6.93    0.00    1.98      5.00
02:12:40 AM   15   38.24    0.00   51.96    0.00    0.00    7.84    0.00    1.96     14.00

02:12:40 AM  CPU   %user   %nice    %sys %iowait    %irq   %soft  %steal   %idle    intr/s
02:12:41 AM  all   39.51    0.00   51.69    0.00    0.00    7.80    0.00    1.00   1008.91
02:12:41 AM    0   48.51    0.00   30.69    0.00    0.00   19.80    0.00    0.99    991.09
02:12:41 AM    1   37.00    0.00   55.00    0.00    0.00    7.00    0.00    1.00      0.00
02:12:41 AM    2   38.00    0.00   54.00    0.00    0.00    7.00    0.00    1.00      0.00
02:12:41 AM    3   40.20    0.00   50.98    0.00    0.00    7.84    0.00    0.98      0.00
02:12:41 AM    4   42.00    0.00   51.00    0.00    0.00    6.00    0.00    1.00      0.00
02:12:41 AM    5   39.00    0.00   54.00    0.00    0.00    6.00    0.00    1.00      3.96
02:12:41 AM    6   37.00    0.00   54.00    0.00    0.00    8.00    0.00    1.00      0.00
02:12:41 AM    7   38.61    0.00   53.47    0.00    0.00    6.93    0.00    0.99      0.00
02:12:41 AM    8   41.00    0.00   49.00    0.00    0.00    9.00    0.00    1.00      0.00
02:12:41 AM    9   36.63    0.00   54.46    0.00    0.00    7.92    0.00    0.99      0.00
02:12:41 AM   10   40.40    0.00   52.53    0.00    0.00    6.06    0.00    1.01      0.00
02:12:41 AM   11   38.24    0.00   52.94    0.00    0.00    7.84    0.00    0.98      0.00
02:12:41 AM   12   39.00    0.00   55.00    0.00    0.00    5.00    0.00    1.00      0.99
02:12:41 AM   13   39.60    0.00   52.48    0.00    0.00    6.93    0.00    0.99      0.00
02:12:41 AM   14   39.60    0.00   52.48    0.00    0.00    6.93    0.00    0.99      3.96
02:12:41 AM   15   39.80    0.00   54.08    0.00    0.00    6.12    0.00    0.00      8.91

02:12:41 AM  CPU   %user   %nice    %sys %iowait    %irq   %soft  %steal   %idle    intr/s
02:12:42 AM  all   40.10    0.00   50.41    0.00    0.00    8.18    0.00    1.31   1013.86
02:12:42 AM    0   48.51    0.00   29.70    0.00    0.00   19.80    0.00    1.98    991.09
02:12:42 AM    1   41.00    0.00   51.00    0.00    0.00    6.00    0.00    2.00      0.00
02:12:42 AM    2   39.60    0.00   50.50    0.00    0.00    7.92    0.00    1.98      0.00
02:12:42 AM    3   40.40    0.00   51.52    0.00    0.00    6.06    0.00    2.02      0.00
02:12:42 AM    4   36.63    0.00   52.48    0.00    0.00    8.91    0.00    1.98      0.99
02:12:42 AM    5   39.60    0.00   50.50    0.00    0.00    8.91    0.00    0.99      6.93
02:12:42 AM    6   37.00    0.00   54.00    0.00    0.00    7.00    0.00    2.00      0.00
02:12:42 AM    7   41.41    0.00   51.52    0.00    0.00    6.06    0.00    1.01      0.00
02:12:42 AM    8   41.00    0.00   48.00    0.00    0.00   10.00    0.00    1.00      0.00
02:12:42 AM    9   40.40    0.00   51.52    0.00    0.00    7.07    0.00    1.01      0.00
02:12:42 AM   10   35.00    0.00   56.00    0.00    0.00    8.00    0.00    1.00      0.00
02:12:42 AM   11   40.40    0.00   51.52    0.00    0.00    7.07    0.00    1.01      0.00
02:12:42 AM   12   41.41    0.00   50.51    0.00    0.00    7.07    0.00    1.01      1.98
02:12:42 AM   13   40.40    0.00   53.54    0.00    0.00    5.05    0.00    1.01      0.00
02:12:42 AM   14   40.00    0.00   51.00    0.00    0.00    7.00    0.00    2.00      3.96
02:12:42 AM   15   37.62    0.00   53.47    0.00    0.00    7.92    0.00    0.99      8.91

02:12:42 AM  CPU   %user   %nice    %sys %iowait    %irq   %soft  %steal   %idle    intr/s
02:12:43 AM  all   39.60    0.00   49.97    0.00    0.00    8.37    0.00    2.06   1026.26
02:12:43 AM    0   46.46    0.00   30.30    0.00    0.00   21.21    0.00    2.02   1011.11
02:12:43 AM    1   37.00    0.00   53.00    0.00    0.00    8.00    0.00    2.00      0.00
02:12:43 AM    2   39.39    0.00   52.53    0.00    0.00    6.06    0.00    2.02      0.00
02:12:43 AM    3   36.00    0.00   53.00    0.00    0.00    8.00    0.00    3.00      0.00
02:12:43 AM    4   39.39    0.00   52.53    0.00    0.00    7.07    0.00    1.01      0.00
02:12:43 AM    5   39.00    0.00   51.00    0.00    0.00    8.00    0.00    2.00      0.00
02:12:43 AM    6   40.00    0.00   52.00    0.00    0.00    7.00    0.00    1.00      0.00
02:12:43 AM    7   39.39    0.00   52.53    0.00    0.00    7.07    0.00    1.01      0.00
02:12:43 AM    8   40.00    0.00   46.00    0.00    0.00   12.00    0.00    2.00      0.00
02:12:43 AM    9   38.61    0.00   51.49    0.00    0.00    7.92    0.00    1.98      0.00
02:12:43 AM   10   40.00    0.00   49.00    0.00    0.00    8.00    0.00    3.00      0.00
02:12:43 AM   11   38.38    0.00   52.53    0.00    0.00    7.07    0.00    2.02      0.00
02:12:43 AM   12   38.61    0.00   52.48    0.00    0.00    6.93    0.00    1.98      1.01
02:12:43 AM   13   41.58    0.00   49.50    0.00    0.00    6.93    0.00    1.98      0.00
02:12:43 AM   14   41.41    0.00   50.51    0.00    0.00    7.07    0.00    1.01      4.04
02:12:43 AM   15   39.00    0.00   52.00    0.00    0.00    7.00    0.00    2.00     10.10

02:12:43 AM  CPU   %user   %nice    %sys %iowait    %irq   %soft  %steal   %idle    intr/s
02:12:44 AM  all   40.54    0.00   49.78    0.00    0.00    8.12    0.00    1.56   1018.00
02:12:44 AM    0   48.00    0.00   30.00    0.00    0.00   21.00    0.00    1.00   1001.00
02:12:44 AM    1   40.00    0.00   50.00    0.00    0.00    8.00    0.00    2.00      0.00
02:12:44 AM    2   38.00    0.00   53.00    0.00    0.00    7.00    0.00    2.00      0.00
02:12:44 AM    3   40.59    0.00   50.50    0.00    0.00    6.93    0.00    1.98      0.00
02:12:44 AM    4   38.38    0.00   52.53    0.00    0.00    8.08    0.00    1.01      1.00
02:12:44 AM    5   40.40    0.00   51.52    0.00    0.00    7.07    0.00    1.01      1.00
02:12:44 AM    6   39.00    0.00   53.00    0.00    0.00    6.00    0.00    2.00      0.00
02:12:44 AM    7   40.20    0.00   51.96    0.00    0.00    5.88    0.00    1.96      0.00
02:12:44 AM    8   39.00    0.00   49.00    0.00    0.00   10.00    0.00    2.00      0.00
02:12:44 AM    9   42.00    0.00   49.00    0.00    0.00    7.00    0.00    2.00      0.00
02:12:44 AM   10   38.61    0.00   51.49    0.00    0.00    7.92    0.00    1.98      0.00
02:12:44 AM   11   40.00    0.00   51.00    0.00    0.00    7.00    0.00    2.00      0.00
02:12:44 AM   12   45.00    0.00   48.00    0.00    0.00    6.00    0.00    1.00      2.00
02:12:44 AM   13   40.82    0.00   52.04    0.00    0.00    6.12    0.00    1.02      0.00
02:12:44 AM   14   40.59    0.00   49.50    0.00    0.00    7.92    0.00    1.98      4.00
02:12:44 AM   15   37.62    0.00   53.47    0.00    0.00    6.93    0.00    1.98      9.00

02:12:44 AM  CPU   %user   %nice    %sys %iowait    %irq   %soft  %steal   %idle    intr/s
02:12:45 AM  all   40.10    0.00   49.72    0.00    0.00    8.24    0.00    1.94   1019.00
02:12:45 AM    0   48.00    0.00   32.00    0.00    0.00   18.00    0.00    2.00   1001.00
02:12:45 AM    1   38.61    0.00   50.50    0.00    0.00    8.91    0.00    1.98      0.00
02:12:45 AM    2   36.63    0.00   52.48    0.00    0.00    8.91    0.00    1.98      0.00
02:12:45 AM    3   39.00    0.00   52.00    0.00    0.00    7.00    0.00    2.00      0.00
02:12:45 AM    4   43.14    0.00   48.04    0.00    0.00    6.86    0.00    1.96      0.00
02:12:45 AM    5   39.60    0.00   50.50    0.00    0.00    7.92    0.00    1.98      0.00
02:12:45 AM    6   41.58    0.00   48.51    0.00    0.00    7.92    0.00    1.98      0.00
02:12:45 AM    7   36.36    0.00   55.56    0.00    0.00    6.06    0.00    2.02      0.00
02:12:45 AM    8   42.00    0.00   47.00    0.00    0.00   10.00    0.00    1.00      0.00
02:12:45 AM    9   38.00    0.00   52.00    0.00    0.00    8.00    0.00    2.00      0.00
02:12:45 AM   10   38.00    0.00   53.00    0.00    0.00    7.00    0.00    2.00      0.00
02:12:45 AM   11   40.59    0.00   49.50    0.00    0.00    7.92    0.00    1.98      0.00
02:12:45 AM   12   39.00    0.00   52.00    0.00    0.00    7.00    0.00    2.00      1.00
02:12:45 AM   13   40.20    0.00   50.98    0.00    0.00    6.86    0.00    1.96      0.00
02:12:45 AM   14   40.00    0.00   50.00    0.00    0.00    8.00    0.00    2.00      4.00
02:12:45 AM   15   39.39    0.00   52.53    0.00    0.00    6.06    0.00    2.02     13.00

02:12:45 AM  CPU   %user   %nice    %sys %iowait    %irq   %soft  %steal   %idle    intr/s
02:12:46 AM  all   40.04    0.00   49.97    0.00    0.00    8.24    0.00    1.75   1020.00
02:12:46 AM    0   47.00    0.00   31.00    0.00    0.00   20.00    0.00    2.00   1001.00
02:12:46 AM    1   41.41    0.00   49.49    0.00    0.00    7.07    0.00    2.02      0.00
02:12:46 AM    2   38.38    0.00   52.53    0.00    0.00    7.07    0.00    2.02      0.00
02:12:46 AM    3   41.41    0.00   49.49    0.00    0.00    8.08    0.00    1.01      0.00
02:12:46 AM    4   39.39    0.00   51.52    0.00    0.00    8.08    0.00    1.01      1.00
02:12:46 AM    5   40.00    0.00   52.00    0.00    0.00    7.00    0.00    1.00      1.00
02:12:46 AM    6   37.37    0.00   53.54    0.00    0.00    8.08    0.00    1.01      0.00
02:12:46 AM    7   40.00    0.00   52.00    0.00    0.00    6.00    0.00    2.00      0.00
02:12:46 AM    8   38.00    0.00   51.00    0.00    0.00    9.00    0.00    2.00      0.00
02:12:46 AM    9   38.00    0.00   52.00    0.00    0.00    8.00    0.00    2.00      0.00
02:12:46 AM   10   39.00    0.00   50.00    0.00    0.00    8.00    0.00    3.00      0.00
02:12:46 AM   11   39.00    0.00   52.00    0.00    0.00    7.00    0.00    2.00      0.00
02:12:46 AM   12   42.00    0.00   50.00    0.00    0.00    7.00    0.00    1.00      2.00
02:12:46 AM   13   39.39    0.00   53.54    0.00    0.00    6.06    0.00    1.01      0.00
02:12:46 AM   14   40.59    0.00   50.50    0.00    0.00    6.93    0.00    1.98      4.00
02:12:46 AM   15   42.16    0.00   50.00    0.00    0.00    6.86    0.00    0.98     11.00

02:12:46 AM  CPU   %user   %nice    %sys %iowait    %irq   %soft  %steal   %idle    intr/s
02:12:47 AM  all   40.01    0.00   50.19    0.00    0.00    7.80    0.00    2.00   1027.00
02:12:47 AM    0   48.00    0.00   29.00    0.00    0.00   21.00    0.00    2.00   1001.00
02:12:47 AM    1   42.57    0.00   49.50    0.00    0.00    5.94    0.00    1.98      0.00
02:12:47 AM    2   40.00    0.00   51.00    0.00    0.00    7.00    0.00    2.00      0.00
02:12:47 AM    3   39.00    0.00   51.00    0.00    0.00    7.00    0.00    3.00      0.00
02:12:47 AM    4   39.60    0.00   51.49    0.00    0.00    6.93    0.00    1.98      0.00
02:12:47 AM    5   39.00    0.00   52.00    0.00    0.00    7.00    0.00    2.00      4.00
02:12:47 AM    6   38.00    0.00   52.00    0.00    0.00    8.00    0.00    2.00      0.00
02:12:47 AM    7   37.62    0.00   52.48    0.00    0.00    7.92    0.00    1.98      0.00
02:12:47 AM    8   39.00    0.00   48.00    0.00    0.00   11.00    0.00    2.00      0.00
02:12:47 AM    9   39.00    0.00   52.00    0.00    0.00    7.00    0.00    2.00      0.00
02:12:47 AM   10   38.00    0.00   55.00    0.00    0.00    5.00    0.00    2.00      0.00
02:12:47 AM   11   41.41    0.00   49.49    0.00    0.00    7.07    0.00    2.02      0.00
02:12:47 AM   12   42.00    0.00   49.00    0.00    0.00    7.00    0.00    2.00      1.00
02:12:47 AM   13   39.00    0.00   53.00    0.00    0.00    6.00    0.00    2.00      0.00
02:12:47 AM   14   38.38    0.00   53.54    0.00    0.00    6.06    0.00    2.02      4.00
02:12:47 AM   15   38.78    0.00   52.04    0.00    0.00    8.16    0.00    1.02     17.00

02:12:47 AM  CPU   %user   %nice    %sys %iowait    %irq   %soft  %steal   %idle    intr/s
02:12:48 AM  all   39.91    0.00   49.66    0.00    0.00    8.43    0.00    2.00   1021.00
02:12:48 AM    0   46.00    0.00   31.00    0.00    0.00   21.00    0.00    2.00   1001.00
02:12:48 AM    1   37.37    0.00   53.54    0.00    0.00    7.07    0.00    2.02      0.00
02:12:48 AM    2   39.60    0.00   51.49    0.00    0.00    6.93    0.00    1.98      0.00
02:12:48 AM    3   40.00    0.00   50.00    0.00    0.00    8.00    0.00    2.00      0.00
02:12:48 AM    4   40.40    0.00   50.51    0.00    0.00    7.07    0.00    2.02      1.00
02:12:48 AM    5   40.00    0.00   51.00    0.00    0.00    7.00    0.00    2.00      1.00
02:12:48 AM    6   40.00    0.00   51.00    0.00    0.00    7.00    0.00    2.00      0.00
02:12:48 AM    7   36.00    0.00   54.00    0.00    0.00    8.00    0.00    2.00      0.00
02:12:48 AM    8   40.00    0.00   48.00    0.00    0.00   10.00    0.00    2.00      0.00
02:12:48 AM    9   36.63    0.00   54.46    0.00    0.00    6.93    0.00    1.98      0.00
02:12:48 AM   10   41.00    0.00   50.00    0.00    0.00    7.00    0.00    2.00      0.00
02:12:48 AM   11   37.00    0.00   53.00    0.00    0.00    8.00    0.00    2.00      0.00
02:12:48 AM   12   43.00    0.00   47.00    0.00    0.00    8.00    0.00    2.00      2.00
02:12:48 AM   13   41.00    0.00   49.00    0.00    0.00    8.00    0.00    2.00      0.00
02:12:48 AM   14   44.00    0.00   48.00    0.00    0.00    6.00    0.00    2.00      4.00
02:12:48 AM   15   37.62    0.00   52.48    0.00    0.00    7.92    0.00    1.98     12.00

02:12:48 AM  CPU   %user   %nice    %sys %iowait    %irq   %soft  %steal   %idle    intr/s
02:12:49 AM  all   38.64    0.00   51.37    0.00    0.00    8.61    0.00    1.37   1006.93
02:12:49 AM    0   46.53    0.00   29.70    0.00    0.00   21.78    0.00    1.98    991.09
02:12:49 AM    1   35.64    0.00   56.44    0.00    0.00    5.94    0.00    1.98      0.00
02:12:49 AM    2   37.00    0.00   54.00    0.00    0.00    7.00    0.00    2.00      0.00
02:12:49 AM    3   39.00    0.00   52.00    0.00    0.00    8.00    0.00    1.00      0.00
02:12:49 AM    4   37.62    0.00   53.47    0.00    0.00    7.92    0.00    0.99      0.00
02:12:49 AM    5   36.00    0.00   55.00    0.00    0.00    8.00    0.00    1.00      0.00
02:12:49 AM    6   39.00    0.00   53.00    0.00    0.00    7.00    0.00    1.00      0.00
02:12:49 AM    7   40.40    0.00   50.51    0.00    0.00    8.08    0.00    1.01      0.00
02:12:49 AM    8   38.00    0.00   50.00    0.00    0.00   10.00    0.00    2.00      0.00
02:12:49 AM    9   38.38    0.00   53.54    0.00    0.00    7.07    0.00    1.01      0.00
02:12:49 AM   10   38.00    0.00   54.00    0.00    0.00    7.00    0.00    1.00      0.00
02:12:49 AM   11   38.61    0.00   50.50    0.00    0.00    8.91    0.00    1.98      0.00
02:12:49 AM   12   39.00    0.00   53.00    0.00    0.00    7.00    0.00    1.00      0.99
02:12:49 AM   13   37.00    0.00   54.00    0.00    0.00    7.00    0.00    2.00      0.00
02:12:49 AM   14   38.00    0.00   52.00    0.00    0.00    9.00    0.00    1.00      3.96
02:12:49 AM   15   40.40    0.00   51.52    0.00    0.00    7.07    0.00    1.01     10.89

02:12:49 AM  CPU   %user   %nice    %sys %iowait    %irq   %soft  %steal   %idle    intr/s
02:12:50 AM  all   40.16    0.00   49.59    0.00    0.00    8.31    0.00    1.94   1032.32
02:12:50 AM    0   43.43    0.00   32.32    0.00    0.00   22.22    0.00    2.02   1011.11
02:12:50 AM    1   41.58    0.00   49.50    0.00    0.00    6.93    0.00    1.98      0.00
02:12:50 AM    2   38.00    0.00   53.00    0.00    0.00    7.00    0.00    2.00      0.00
02:12:50 AM    3   40.00    0.00   48.00    0.00    0.00   10.00    0.00    2.00      0.00
02:12:50 AM    4   37.62    0.00   52.48    0.00    0.00    7.92    0.00    1.98      2.02
02:12:50 AM    5   40.00    0.00   51.00    0.00    0.00    7.00    0.00    2.00      1.01
02:12:50 AM    6   41.00    0.00   51.00    0.00    0.00    6.00    0.00    2.00      0.00
02:12:50 AM    7   39.00    0.00   53.00    0.00    0.00    7.00    0.00    1.00      0.00
02:12:50 AM    8   40.20    0.00   48.04    0.00    0.00    9.80    0.00    1.96      0.00
02:12:50 AM    9   40.00    0.00   50.00    0.00    0.00    8.00    0.00    2.00      0.00
02:12:50 AM   10   40.00    0.00   53.00    0.00    0.00    5.00    0.00    2.00      0.00
02:12:50 AM   11   40.59    0.00   48.51    0.00    0.00    8.91    0.00    1.98      0.00
02:12:50 AM   12   38.61    0.00   51.49    0.00    0.00    7.92    0.00    1.98      2.02
02:12:50 AM   13   38.61    0.00   52.48    0.00    0.00    6.93    0.00    1.98      0.00
02:12:50 AM   14   41.58    0.00   50.50    0.00    0.00    5.94    0.00    1.98      5.05
02:12:50 AM   15   40.59    0.00   50.50    0.00    0.00    6.93    0.00    1.98     11.11

02:12:50 AM  CPU   %user   %nice    %sys %iowait    %irq   %soft  %steal   %idle    intr/s
02:12:51 AM  all   40.32    0.00   49.81    0.00    0.00    8.18    0.00    1.69   1000.00
02:12:51 AM    0   47.52    0.00   29.70    0.00    0.00   20.79    0.00    1.98    991.09
02:12:51 AM    1   38.78    0.00   53.06    0.00    0.00    7.14    0.00    1.02      0.00
02:12:51 AM    2   42.00    0.00   49.00    0.00    0.00    7.00    0.00    2.00      0.00
02:12:51 AM    3   41.00    0.00   49.00    0.00    0.00    8.00    0.00    2.00      0.00
02:12:51 AM    4   42.42    0.00   50.51    0.00    0.00    6.06    0.00    1.01      0.00
02:12:51 AM    5   38.61    0.00   51.49    0.00    0.00    7.92    0.00    1.98      0.00
02:12:51 AM    6   38.00    0.00   53.00    0.00    0.00    7.00    0.00    2.00      0.00
02:12:51 AM    7   39.60    0.00   49.50    0.00    0.00    8.91    0.00    1.98      0.00
02:12:51 AM    8   42.27    0.00   47.42    0.00    0.00    9.28    0.00    1.03      0.00
02:12:51 AM    9   36.63    0.00   54.46    0.00    0.00    6.93    0.00    1.98      0.00
02:12:51 AM   10   41.00    0.00   50.00    0.00    0.00    7.00    0.00    2.00      0.00
02:12:51 AM   11   39.39    0.00   50.51    0.00    0.00    8.08    0.00    2.02      0.00
02:12:51 AM   12   38.38    0.00   54.55    0.00    0.00    6.06    0.00    1.01      0.99
02:12:51 AM   13   38.38    0.00   52.53    0.00    0.00    7.07    0.00    2.02      0.00
02:12:51 AM   14   38.38    0.00   53.54    0.00    0.00    6.06    0.00    2.02      3.96
02:12:51 AM   15   43.43    0.00   48.48    0.00    0.00    7.07    0.00    1.01      3.96

02:12:51 AM  CPU   %user   %nice    %sys %iowait    %irq   %soft  %steal   %idle    intr/s
02:12:52 AM  all   39.29    0.00   51.16    0.00    0.00    7.75    0.00    1.81   1039.39
02:12:52 AM    0   49.49    0.00   31.31    0.00    0.00   18.18    0.00    1.01   1011.11
02:12:52 AM    1   39.60    0.00   51.49    0.00    0.00    6.93    0.00    1.98      0.00
02:12:52 AM    2   42.00    0.00   50.00    0.00    0.00    7.00    0.00    1.00      0.00
02:12:52 AM    3   38.61    0.00   52.48    0.00    0.00    6.93    0.00    1.98      0.00
02:12:52 AM    4   35.00    0.00   54.00    0.00    0.00    9.00    0.00    2.00      1.01
02:12:52 AM    5   40.00    0.00   53.00    0.00    0.00    6.00    0.00    1.00     10.10
02:12:52 AM    6   37.62    0.00   52.48    0.00    0.00    7.92    0.00    1.98      0.00
02:12:52 AM    7   38.00    0.00   54.00    0.00    0.00    6.00    0.00    2.00      0.00
02:12:52 AM    8   39.60    0.00   47.52    0.00    0.00   10.89    0.00    1.98      0.00
02:12:52 AM    9   38.38    0.00   54.55    0.00    0.00    5.05    0.00    2.02      0.00
02:12:52 AM   10   39.00    0.00   52.00    0.00    0.00    7.00    0.00    2.00      0.00
02:12:52 AM   11   37.62    0.00   52.48    0.00    0.00    7.92    0.00    1.98      0.00
02:12:52 AM   12   38.61    0.00   52.48    0.00    0.00    6.93    0.00    1.98      2.02
02:12:52 AM   13   38.61    0.00   53.47    0.00    0.00    5.94    0.00    1.98      0.00
02:12:52 AM   14   39.39    0.00   52.53    0.00    0.00    7.07    0.00    1.01      4.04
02:12:52 AM   15   37.62    0.00   53.47    0.00    0.00    6.93    0.00    1.98     11.11

02:12:52 AM  CPU   %user   %nice    %sys %iowait    %irq   %soft  %steal   %idle    intr/s
02:12:53 AM  all   39.89    0.00   50.12    0.00    0.00    8.43    0.00    1.56   1003.96
02:12:53 AM    0   47.52    0.00   29.70    0.00    0.00   20.79    0.00    1.98    991.09
02:12:53 AM    1   40.00    0.00   49.00    0.00    0.00    9.00    0.00    2.00      0.00
02:12:53 AM    2   42.00    0.00   49.00    0.00    0.00    7.00    0.00    2.00      0.00
02:12:53 AM    3   38.00    0.00   53.00    0.00    0.00    7.00    0.00    2.00      0.00
02:12:53 AM    4   40.00    0.00   52.00    0.00    0.00    6.00    0.00    2.00      0.00
02:12:53 AM    5   38.38    0.00   52.53    0.00    0.00    7.07    0.00    2.02      0.00
02:12:53 AM    6   38.00    0.00   53.00    0.00    0.00    7.00    0.00    2.00      0.00
02:12:53 AM    7   38.00    0.00   55.00    0.00    0.00    6.00    0.00    1.00      0.00
02:12:53 AM    8   38.61    0.00   49.50    0.00    0.00    9.90    0.00    1.98      0.00
02:12:53 AM    9   39.00    0.00   52.00    0.00    0.00    8.00    0.00    1.00      0.00
02:12:53 AM   10   40.59    0.00   50.50    0.00    0.00    6.93    0.00    1.98      0.00
02:12:53 AM   11   37.37    0.00   53.54    0.00    0.00    8.08    0.00    1.01      0.00
02:12:53 AM   12   41.41    0.00   49.49    0.00    0.00    7.07    0.00    2.02      0.99
02:12:53 AM   13   42.00    0.00   49.00    0.00    0.00    8.00    0.00    1.00      0.00
02:12:53 AM   14   40.59    0.00   51.49    0.00    0.00    5.94    0.00    1.98      3.96
02:12:53 AM   15   37.00    0.00   54.00    0.00    0.00    8.00    0.00    1.00      7.92

02:12:53 AM  CPU   %user   %nice    %sys %iowait    %irq   %soft  %steal   %idle    intr/s
02:12:54 AM  all   40.62    0.00   49.12    0.00    0.00    8.44    0.00    1.81   1014.00
02:12:54 AM    0   48.00    0.00   28.00    0.00    0.00   23.00    0.00    1.00   1001.00
02:12:54 AM    1   38.00    0.00   53.00    0.00    0.00    7.00    0.00    2.00      0.00
02:12:54 AM    2   38.61    0.00   51.49    0.00    0.00    7.92    0.00    1.98      0.00
02:12:54 AM    3   37.00    0.00   53.00    0.00    0.00    8.00    0.00    2.00      0.00
02:12:54 AM    4   41.41    0.00   48.48    0.00    0.00    9.09    0.00    1.01      1.00
02:12:54 AM    5   40.59    0.00   50.50    0.00    0.00    7.92    0.00    0.99      1.00
02:12:54 AM    6   42.00    0.00   51.00    0.00    0.00    6.00    0.00    1.00      0.00
02:12:54 AM    7   41.00    0.00   50.00    0.00    0.00    7.00    0.00    2.00      0.00
02:12:54 AM    8   41.00    0.00   48.00    0.00    0.00    9.00    0.00    2.00      0.00
02:12:54 AM    9   38.00    0.00   53.00    0.00    0.00    7.00    0.00    2.00      0.00
02:12:54 AM   10   39.39    0.00   49.49    0.00    0.00    9.09    0.00    2.02      0.00
02:12:54 AM   11   41.00    0.00   50.00    0.00    0.00    7.00    0.00    2.00      0.00
02:12:54 AM   12   38.00    0.00   54.00    0.00    0.00    7.00    0.00    1.00      2.00
02:12:54 AM   13   42.00    0.00   49.00    0.00    0.00    7.00    0.00    2.00      0.00
02:12:54 AM   14   40.00    0.00   51.00    0.00    0.00    8.00    0.00    1.00      4.00
02:12:54 AM   15   43.00    0.00   48.00    0.00    0.00    7.00    0.00    2.00      5.00

02:12:54 AM  CPU   %user   %nice    %sys %iowait    %irq   %soft  %steal   %idle    intr/s
02:12:55 AM  all   39.89    0.00   50.56    0.00    0.00    7.68    0.00    1.87   1017.00
02:12:55 AM    0   47.00    0.00   30.00    0.00    0.00   20.00    0.00    3.00   1001.00
02:12:55 AM    1   40.00    0.00   51.00    0.00    0.00    7.00    0.00    2.00      0.00
02:12:55 AM    2   42.42    0.00   49.49    0.00    0.00    6.06    0.00    2.02      0.00
02:12:55 AM    3   39.00    0.00   51.00    0.00    0.00    8.00    0.00    2.00      0.00
02:12:55 AM    4   36.63    0.00   54.46    0.00    0.00    6.93    0.00    1.98      0.00
02:12:55 AM    5   38.61    0.00   52.48    0.00    0.00    6.93    0.00    1.98      0.00
02:12:55 AM    6   41.00    0.00   52.00    0.00    0.00    5.00    0.00    2.00      0.00
02:12:55 AM    7   41.00    0.00   51.00    0.00    0.00    6.00    0.00    2.00      0.00
02:12:55 AM    8   41.00    0.00   47.00    0.00    0.00   10.00    0.00    2.00      0.00
02:12:55 AM    9   36.63    0.00   53.47    0.00    0.00    7.92    0.00    1.98      0.00
02:12:55 AM   10   41.58    0.00   51.49    0.00    0.00    4.95    0.00    1.98      0.00
02:12:55 AM   11   39.00    0.00   52.00    0.00    0.00    7.00    0.00    2.00      0.00
02:12:55 AM   12   38.00    0.00   52.00    0.00    0.00    7.00    0.00    3.00      1.00
02:12:55 AM   13   38.00    0.00   54.00    0.00    0.00    7.00    0.00    1.00      0.00
02:12:55 AM   14   40.00    0.00   51.00    0.00    0.00    7.00    0.00    2.00      4.00
02:12:55 AM   15   40.00    0.00   53.00    0.00    0.00    5.00    0.00    2.00     11.00

02:12:55 AM  CPU   %user   %nice    %sys %iowait    %irq   %soft  %steal   %idle    intr/s
02:12:56 AM  all    2.81    0.00    4.12    0.00    0.00    0.56    0.00   92.50   1028.00
02:12:56 AM    0    4.00    0.00    2.00    0.00    0.00    1.00    0.00   93.00   1001.00
02:12:56 AM    1    3.00    0.00    7.00    0.00    0.00    0.00    0.00   90.00      0.00
02:12:56 AM    2    2.97    0.00    3.96    0.00    0.00    0.99    0.00   92.08      0.00
02:12:56 AM    3    1.98    0.00    4.95    0.00    0.00    0.00    0.00   93.07      0.00
02:12:56 AM    4    2.97    0.00    3.96    0.00    0.00    0.00    0.00   93.07      1.00
02:12:56 AM    5    2.04    0.00    3.06    0.00    0.00    0.00    0.00   94.90      1.00
02:12:56 AM    6    2.00    0.00    4.00    0.00    0.00    1.00    0.00   93.00      0.00
02:12:56 AM    7    2.00    0.00    5.00    0.00    0.00    1.00    0.00   92.00      0.00
02:12:56 AM    8    3.00    0.00    4.00    0.00    0.00    0.00    0.00   93.00      0.00
02:12:56 AM    9    3.00    0.00    5.00    0.00    0.00    1.00    0.00   91.00      0.00
02:12:56 AM   10    2.02    0.00    3.03    0.00    0.00    1.01    0.00   93.94      0.00
02:12:56 AM   11    2.00    0.00    6.00    0.00    0.00    0.00    0.00   92.00      0.00
02:12:56 AM   12    3.96    0.00    5.94    0.00    0.00    0.99    0.00   89.11      2.00
02:12:56 AM   13    3.00    0.00    3.00    0.00    0.00    0.00    0.00   94.00      0.00
02:12:56 AM   14    3.96    0.00    3.96    0.00    0.00    0.99    0.00   91.09      8.00
02:12:56 AM   15    3.96    0.00    2.97    0.00    0.00    0.99    0.00   92.08     15.00

02:12:56 AM  CPU   %user   %nice    %sys %iowait    %irq   %soft  %steal   %idle    intr/s
02:12:57 AM  all    0.00    0.00    0.00    0.00    0.00    0.00    0.00  100.00   1017.00
02:12:57 AM    0    0.00    0.00    0.00    0.00    0.00    0.00    0.00  100.00   1001.00
02:12:57 AM    1    0.00    0.00    0.00    0.00    0.00    0.00    0.00  100.00      0.00
02:12:57 AM    2    0.00    0.00    0.00    0.00    0.00    0.00    0.00  100.00      0.00
02:12:57 AM    3    0.00    0.00    0.00    0.00    0.00    0.00    0.00  100.00      0.00
02:12:57 AM    4    0.00    0.00    0.00    0.00    0.00    0.00    0.00  100.00      0.00
02:12:57 AM    5    0.00    0.00    0.00    0.00    0.00    0.00    0.00  100.00      8.00
02:12:57 AM    6    0.00    0.00    0.00    0.99    0.00    0.00    0.00   99.01      0.00
02:12:57 AM    7    0.00    0.00    0.00    0.00    0.00    0.00    0.00  100.00      0.00
02:12:57 AM    8    0.00    0.00    0.00    0.00    0.00    0.00    0.00  100.00      0.00
02:12:57 AM    9    0.00    0.00    0.00    0.00    0.00    0.00    0.00  100.00      0.00
02:12:57 AM   10    0.00    0.00    0.00    0.00    0.00    0.00    0.00  100.00      0.00
02:12:57 AM   11    0.00    0.00    0.00    0.00    0.00    0.00    0.00  100.00      0.00
02:12:57 AM   12    0.00    0.00    0.00    0.00    0.00    0.00    0.00  100.00      1.00
02:12:57 AM   13    0.00    0.00    0.00    0.00    0.00    0.00    0.00  100.00      0.00
02:12:57 AM   14    0.00    0.00    0.00    0.00    0.00    0.00    0.00  100.00      2.00
02:12:57 AM   15    0.00    0.00    0.00    0.00    0.00    0.00    0.00  100.00      5.00

02:12:57 AM  CPU   %user   %nice    %sys %iowait    %irq   %soft  %steal   %idle    intr/s
02:12:58 AM  all    0.00    0.00    0.00    0.00    0.06    0.00    0.00   99.94   1017.00
02:12:58 AM    0    0.00    0.00    0.00    0.00    0.00    0.00    0.00  100.00   1001.00
02:12:58 AM    1    0.00    0.00    0.00    0.00    0.00    0.00    0.00  100.00      0.00
02:12:58 AM    2    0.00    0.00    0.00    0.00    0.00    0.00    0.00  100.00      0.00
02:12:58 AM    3    0.00    0.00    0.00    0.00    0.00    0.00    0.00  100.00      0.00
02:12:58 AM    4    0.00    0.00    0.00    0.00    0.00    0.00    0.00  100.00      0.00
02:12:58 AM    5    0.00    0.00    0.00    0.00    0.00    0.00    0.00  100.00      1.00
02:12:58 AM    6    0.00    0.00    0.00    0.00    0.00    0.00    0.00  100.00      0.00
02:12:58 AM    7    0.00    0.00    0.00    0.00    0.00    0.00    0.00  100.00      0.00
02:12:58 AM    8    0.00    0.00    0.00    0.00    0.00    0.00    0.00  100.00      0.00
02:12:58 AM    9    0.00    0.00    0.00    0.00    0.00    0.00    0.00  100.00      0.00
02:12:58 AM   10    0.00    0.00    0.00    0.00    0.00    0.00    0.00  100.00      0.00
02:12:58 AM   11    0.00    0.00    0.00    0.00    0.00    0.00    0.00  100.00      0.00
02:12:58 AM   12    0.00    0.00    0.00    0.00    0.00    0.00    0.00  100.00      2.00
02:12:58 AM   13    0.00    0.00    0.00    0.00    0.00    0.00    0.00  100.00      1.00
02:12:58 AM   14    0.00    0.00    0.00    0.00    0.00    0.00    0.00  100.00      2.00
02:12:58 AM   15    0.00    0.00    0.00    0.00    0.00    0.00    0.00  100.00     10.00
