Linux 2.6.18-164.2.1.el5 (rmai3db.ads.sp1.yahoo.com) 	08/21/2011

09:13:02 PM  CPU   %user   %nice    %sys %iowait    %irq   %soft  %steal   %idle    intr/s
09:13:12 PM  all   27.58    0.00   21.73    0.00    0.00    5.91    0.00   44.78   1044.76
09:13:12 PM    0   29.37    0.00   15.28    0.00    0.00   10.19    0.00   45.15    999.20
09:13:12 PM    1   26.07    0.00   23.18    0.00    0.00    5.69    0.00   45.05      0.00
09:13:12 PM    2   27.03    0.00   22.02    0.00    0.00    5.51    0.00   45.45      0.00
09:13:12 PM    3   26.07    0.00   22.68    0.00    0.00    5.29    0.00   45.95      0.00
09:13:12 PM    4   26.43    0.00   22.62    0.00    0.00    5.71    0.00   45.25      4.90
09:13:12 PM    5   30.47    0.00   21.38    0.00    0.00    5.49    0.00   42.66      0.00
09:13:12 PM    6   28.37    0.00   21.38    0.00    0.00    5.59    0.00   44.66      0.00
09:13:12 PM    7   26.80    0.00   21.90    0.00    0.00    6.10    0.00   45.20      0.00
09:13:12 PM    8   27.33    0.00   21.82    0.00    0.00    6.71    0.00   44.14      0.00
09:13:12 PM    9   27.20    0.00   22.60    0.00    0.00    5.70    0.00   44.50      0.00
09:13:12 PM   10   27.07    0.00   22.28    0.00    0.00    5.29    0.00   45.35     10.69
09:13:12 PM   11   25.87    0.00   22.58    0.00    0.00    5.29    0.00   46.25      1.50
09:13:12 PM   12   26.50    0.00   23.00    0.00    0.00    5.80    0.00   44.70      0.00
09:13:12 PM   13   31.30    0.00   21.30    0.00    0.00    5.20    0.00   42.20      6.59
09:13:12 PM   14   28.83    0.00   21.72    0.00    0.00    5.11    0.00   44.34     16.88
09:13:12 PM   15   26.67    0.00   21.88    0.00    0.00    5.89    0.00   45.55      4.90

09:13:12 PM  CPU   %user   %nice    %sys %iowait    %irq   %soft  %steal   %idle    intr/s
09:13:22 PM  all   42.57    0.00   40.37    0.00    0.00   10.18    0.00    6.89   1014.91
09:13:22 PM    0   47.95    0.00   27.33    0.00    0.00   18.22    0.00    6.51   1001.10
09:13:22 PM    1   42.24    0.00   41.34    0.00    0.00    9.31    0.00    7.11      0.00
09:13:22 PM    2   42.76    0.00   42.66    0.00    0.00    9.79    0.00    4.80      0.00
09:13:22 PM    3   41.94    0.00   41.44    0.00    0.00    9.31    0.00    7.31      0.00
09:13:22 PM    4   41.20    0.00   41.20    0.00    0.00    9.50    0.00    8.10      3.80
09:13:22 PM    5   42.04    0.00   40.74    0.00    0.00    9.21    0.00    8.01      0.00
09:13:22 PM    6   42.80    0.00   40.30    0.00    0.00    9.70    0.00    7.20      0.00
09:13:22 PM    7   41.40    0.00   40.30    0.00    0.00    9.50    0.00    8.80      0.00
09:13:22 PM    8   43.00    0.00   40.10    0.00    0.00   12.40    0.00    4.50      0.00
09:13:22 PM    9   42.00    0.00   42.90    0.00    0.00    9.40    0.00    5.70      0.00
09:13:22 PM   10   42.86    0.00   42.96    0.00    0.00    9.19    0.00    5.00      0.00
09:13:22 PM   11   41.50    0.00   41.90    0.00    0.00   10.00    0.00    6.60      0.00
09:13:22 PM   12   41.00    0.00   41.60    0.00    0.00    9.00    0.00    8.40      1.00
09:13:22 PM   13   42.40    0.00   40.30    0.00    0.00    9.50    0.00    7.80      7.71
09:13:22 PM   14   43.66    0.00   40.56    0.00    0.00    9.39    0.00    6.39      0.70
09:13:22 PM   15   42.10    0.00   40.30    0.00    0.00    9.40    0.00    8.20      0.60

09:13:22 PM  CPU   %user   %nice    %sys %iowait    %irq   %soft  %steal   %idle    intr/s
09:13:32 PM  all   42.43    0.00   40.09    0.00    0.00   10.15    0.00    7.33   1014.70
09:13:32 PM    0   46.40    0.00   27.70    0.00    0.00   18.90    0.00    7.00   1000.10
09:13:32 PM    1   41.30    0.00   41.90    0.00    0.00    9.50    0.00    7.30      0.00
09:13:32 PM    2   41.00    0.00   42.10    0.00    0.00    9.40    0.00    7.50      0.00
09:13:32 PM    3   40.20    0.00   41.80    0.00    0.00    9.00    0.00    9.00      0.00
09:13:32 PM    4   43.96    0.00   40.26    0.00    0.00    8.89    0.00    6.89      3.90
09:13:32 PM    5   42.80    0.00   40.70    0.00    0.00    9.80    0.00    6.70      0.00
09:13:32 PM    6   43.64    0.00   40.14    0.00    0.00    9.81    0.00    6.41      0.00
09:13:32 PM    7   41.44    0.00   40.24    0.00    0.00    9.51    0.00    8.81      0.00
09:13:32 PM    8   42.94    0.00   40.14    0.00    0.00   11.31    0.00    5.61      0.00
09:13:32 PM    9   43.04    0.00   41.64    0.00    0.00    9.21    0.00    6.11      0.00
09:13:32 PM   10   41.04    0.00   43.04    0.00    0.00    9.31    0.00    6.61      0.00
09:13:32 PM   11   40.20    0.00   41.30    0.00    0.00    9.30    0.00    9.20      0.00
09:13:32 PM   12   43.40    0.00   39.40    0.00    0.00    9.50    0.00    7.70      0.90
09:13:32 PM   13   42.70    0.00   40.00    0.00    0.00    9.80    0.00    7.50      8.60
09:13:32 PM   14   43.24    0.00   40.04    0.00    0.00    9.71    0.00    7.01      0.60
09:13:32 PM   15   41.60    0.00   41.10    0.00    0.00    9.50    0.00    7.80      0.60

09:13:32 PM  CPU   %user   %nice    %sys %iowait    %irq   %soft  %steal   %idle    intr/s
09:13:42 PM  all   42.50    0.00   40.44    0.00    0.00   10.31    0.00    6.74   1014.39
09:13:42 PM    0   42.36    0.00   26.57    0.00    0.00   19.08    0.00   11.99    999.10
09:13:42 PM    1   40.70    0.00   40.40    0.00    0.00    9.50    0.00    9.40      0.00
09:13:42 PM    2   38.74    0.00   42.14    0.00    0.00    9.41    0.00    9.71      0.00
09:13:42 PM    3   39.86    0.00   40.46    0.00    0.00    9.99    0.00    9.69      0.00
09:13:42 PM    4   45.45    0.00   41.24    0.00    0.00    9.41    0.00    3.90      4.10
09:13:42 PM    5   43.84    0.00   41.74    0.00    0.00    9.41    0.00    5.01      0.00
09:13:42 PM    6   44.06    0.00   42.16    0.00    0.00    9.39    0.00    4.40      0.00
09:13:42 PM    7   45.50    0.00   41.60    0.00    0.00    9.70    0.00    3.20      0.00
09:13:42 PM    8   41.06    0.00   39.86    0.00    0.00   11.49    0.00    7.59      0.00
09:13:42 PM    9   40.26    0.00   41.16    0.00    0.00    9.09    0.00    9.49      0.00
09:13:42 PM   10   39.40    0.00   42.00    0.00    0.00    9.40    0.00    9.20      0.00
09:13:42 PM   11   41.44    0.00   40.84    0.00    0.00    9.41    0.00    8.31      0.00
09:13:42 PM   12   45.15    0.00   41.74    0.00    0.00    9.71    0.00    3.40      0.90
09:13:42 PM   13   42.54    0.00   42.04    0.00    0.00   10.31    0.00    5.11      9.19
09:13:42 PM   14   44.46    0.00   41.86    0.00    0.00    9.89    0.00    3.80      0.60
09:13:42 PM   15   45.40    0.00   41.40    0.00    0.00    9.60    0.00    3.60      0.50

09:13:42 PM  CPU   %user   %nice    %sys %iowait    %irq   %soft  %steal   %idle    intr/s
09:13:52 PM  all   42.39    0.00   40.15    0.01    0.00   10.14    0.00    7.31   1018.12
09:13:52 PM    0   43.84    0.00   27.63    0.00    0.00   19.12    0.00    9.41   1001.10
09:13:52 PM    1   41.20    0.00   41.10    0.00    0.00    9.20    0.00    8.50      0.00
09:13:52 PM    2   39.76    0.00   41.16    0.00    0.00    9.79    0.00    9.29      0.00
09:13:52 PM    3   41.84    0.00   40.94    0.00    0.00    8.91    0.00    8.31      0.00
09:13:52 PM    4   41.96    0.00   41.36    0.00    0.00    9.39    0.00    7.29      3.90
09:13:52 PM    5   44.80    0.00   40.80    0.00    0.00    9.50    0.00    4.90      0.00
09:13:52 PM    6   43.34    0.00   40.34    0.00    0.00    9.81    0.00    6.51      0.00
09:13:52 PM    7   43.06    0.00   40.96    0.00    0.00    9.89    0.00    6.09      0.50
09:13:52 PM    8   42.40    0.00   38.70    0.00    0.00   11.70    0.00    7.20      0.00
09:13:52 PM    9   41.80    0.00   41.80    0.00    0.00    8.80    0.00    7.60      0.00
09:13:52 PM   10   40.10    0.00   41.40    0.00    0.00    9.60    0.00    8.90      0.00
09:13:52 PM   11   40.16    0.00   42.66    0.00    0.00    8.79    0.00    8.39      0.00
09:13:52 PM   12   41.56    0.00   41.46    0.00    0.00    9.59    0.00    7.39      1.10
09:13:52 PM   13   45.35    0.00   41.26    0.00    0.00    9.09    0.00    4.30      9.11
09:13:52 PM   14   43.00    0.00   40.40    0.00    0.00    9.90    0.00    6.70      0.70
09:13:52 PM   15   44.14    0.00   40.34    0.00    0.00    9.31    0.00    6.21      1.70

09:13:52 PM  CPU   %user   %nice    %sys %iowait    %irq   %soft  %steal   %idle    intr/s
09:14:02 PM  all   42.27    0.00   39.40    0.00    0.00   10.10    0.00    8.23   1024.22
09:14:02 PM    0   45.75    0.00   26.63    0.00    0.00   18.52    0.00    9.11   1001.10
09:14:02 PM    1   42.24    0.00   40.54    0.00    0.00    9.41    0.00    7.81      0.00
09:14:02 PM    2   41.74    0.00   40.74    0.00    0.00    9.41    0.00    8.11      0.00
09:14:02 PM    3   40.20    0.00   41.10    0.00    0.00    9.90    0.00    8.80      0.00
09:14:02 PM    4   43.70    0.00   39.20    0.00    0.00    9.00    0.00    8.10      3.80
09:14:02 PM    5   41.90    0.00   40.30    0.00    0.00    9.10    0.00    8.70      0.00
09:14:02 PM    6   40.86    0.00   41.46    0.00    0.00    9.39    0.00    8.29      0.00
09:14:02 PM    7   43.00    0.00   39.40    0.00    0.00    9.10    0.00    8.50      0.50
09:14:02 PM    8   43.50    0.00   38.20    0.00    0.00   11.50    0.00    6.80      0.00
09:14:02 PM    9   41.20    0.00   41.50    0.00    0.00    9.20    0.00    8.10      0.00
09:14:02 PM   10   41.20    0.00   39.70    0.00    0.00    9.80    0.00    9.30      0.00
09:14:02 PM   11   43.14    0.00   39.84    0.00    0.00    9.41    0.00    7.61      0.00
09:14:02 PM   12   42.04    0.00   40.34    0.00    0.00    9.81    0.00    7.81      0.80
09:14:02 PM   13   42.04    0.00   40.64    0.00    0.00    9.11    0.00    8.21     16.12
09:14:02 PM   14   42.00    0.00   41.20    0.00    0.00    9.60    0.00    7.20      0.60
09:14:02 PM   15   41.76    0.00   39.76    0.00    0.00    9.49    0.00    8.99      1.30

09:14:02 PM  CPU   %user   %nice    %sys %iowait    %irq   %soft  %steal   %idle    intr/s
09:14:12 PM  all   42.36    0.00   39.32    0.00    0.00   10.16    0.00    8.16   1014.09
09:14:12 PM    0   43.36    0.00   25.97    0.00    0.00   18.88    0.00   11.79    999.10
09:14:12 PM    1   40.80    0.00   40.60    0.00    0.00    9.10    0.00    9.50      0.00
09:14:12 PM    2   40.56    0.00   39.76    0.00    0.00    9.69    0.00    9.99      0.00
09:14:12 PM    3   39.80    0.00   41.30    0.00    0.00    9.60    0.00    9.30      0.00
09:14:12 PM    4   43.84    0.00   40.54    0.00    0.00    9.51    0.00    6.11      3.30
09:14:12 PM    5   44.36    0.00   39.36    0.00    0.00    9.29    0.00    6.99      0.00
09:14:12 PM    6   43.64    0.00   40.24    0.00    0.00    9.81    0.00    6.31      0.00
09:14:12 PM    7   42.34    0.00   39.64    0.00    0.00    9.31    0.00    8.71      0.60
09:14:12 PM    8   41.54    0.00   38.64    0.00    0.00   11.71    0.00    8.11      0.00
09:14:12 PM    9   40.90    0.00   40.80    0.00    0.00    9.40    0.00    8.90      0.00
09:14:12 PM   10   41.10    0.00   40.10    0.00    0.00    9.30    0.00    9.50      0.00
09:14:12 PM   11   40.30    0.00   41.00    0.00    0.00   10.30    0.00    8.40      0.00
09:14:12 PM   12   44.46    0.00   40.26    0.00    0.00    9.39    0.00    5.89      0.90
09:14:12 PM   13   44.24    0.00   40.74    0.00    0.00    8.41    0.00    6.61      7.69
09:14:12 PM   14   44.00    0.00   40.30    0.00    0.00    9.30    0.00    6.40      0.90
09:14:12 PM   15   42.70    0.00   39.80    0.00    0.00    9.50    0.00    8.00      1.60

09:14:12 PM  CPU   %user   %nice    %sys %iowait    %irq   %soft  %steal   %idle    intr/s
09:14:22 PM  all   42.28    0.00   39.18    0.00    0.00   10.03    0.00    8.51   1017.32
09:14:22 PM    0   43.64    0.00   26.73    0.00    0.00   17.72    0.00   11.91   1001.10
09:14:22 PM    1   40.30    0.00   40.80    0.00    0.00    9.30    0.00    9.60      0.00
09:14:22 PM    2   40.24    0.00   39.84    0.00    0.00    9.41    0.00   10.51      0.00
09:14:22 PM    3   42.60    0.00   39.00    0.00    0.00    9.50    0.00    8.90      0.00
09:14:22 PM    4   44.40    0.00   40.30    0.00    0.00    9.30    0.00    6.00      2.60
09:14:22 PM    5   41.40    0.00   40.60    0.00    0.00    9.30    0.00    8.70      0.00
09:14:22 PM    6   43.90    0.00   39.50    0.00    0.00    9.30    0.00    7.30      0.00
09:14:22 PM    7   42.86    0.00   39.66    0.00    0.00    9.49    0.00    7.99      0.60
09:14:22 PM    8   41.76    0.00   38.76    0.00    0.00   11.69    0.00    7.79      0.00
09:14:22 PM    9   41.04    0.00   41.24    0.00    0.00    9.01    0.00    8.71      0.00
09:14:22 PM   10   40.70    0.00   40.20    0.00    0.00    9.30    0.00    9.80      0.00
09:14:22 PM   11   41.96    0.00   39.36    0.00    0.00    9.79    0.00    8.89      0.00
09:14:22 PM   12   43.56    0.00   40.66    0.00    0.00    8.99    0.00    6.79      0.80
09:14:22 PM   13   42.40    0.00   40.20    0.00    0.00    9.30    0.00    8.10     10.11
09:14:22 PM   14   43.40    0.00   39.80    0.00    0.00    9.50    0.00    7.30      0.60
09:14:22 PM   15   42.10    0.00   40.30    0.00    0.00    9.50    0.00    8.10      1.50

09:14:22 PM  CPU   %user   %nice    %sys %iowait    %irq   %soft  %steal   %idle    intr/s
09:14:32 PM  all   41.23    0.00   39.58    0.00    0.00    9.98    0.00    9.21   1017.90
09:14:32 PM    0   43.10    0.00   26.90    0.00    0.00   18.60    0.00   11.40   1000.10
09:14:32 PM    1   40.30    0.00   40.20    0.00    0.00    9.40    0.00   10.10      0.00
09:14:32 PM    2   39.00    0.00   40.50    0.00    0.00    9.00    0.00   11.50      0.00
09:14:32 PM    3   40.80    0.00   40.80    0.00    0.00    8.70    0.00    9.70      0.00
09:14:32 PM    4   40.80    0.00   41.50    0.00    0.00    9.00    0.00    8.70      3.20
09:14:32 PM    5   41.40    0.00   41.10    0.00    0.00    8.90    0.00    8.60      0.00
09:14:32 PM    6   41.20    0.00   40.30    0.00    0.00    9.70    0.00    8.80      0.00
09:14:32 PM    7   43.10    0.00   41.20    0.00    0.00    9.30    0.00    6.40      0.50
09:14:32 PM    8   40.70    0.00   38.50    0.00    0.00   11.50    0.00    9.30      0.00
09:14:32 PM    9   41.00    0.00   40.00    0.00    0.00    8.90    0.00   10.10      0.00
09:14:32 PM   10   40.60    0.00   39.70    0.00    0.00    9.30    0.00   10.40      0.00
09:14:32 PM   11   40.70    0.00   40.60    0.00    0.00    9.10    0.00    9.60      0.00
09:14:32 PM   12   41.18    0.00   40.28    0.00    0.00   10.02    0.00    8.52      0.90
09:14:32 PM   13   41.32    0.00   40.72    0.00    0.00    9.58    0.00    8.38     11.50
09:14:32 PM   14   41.80    0.00   40.00    0.00    0.00    9.70    0.00    8.50      0.60
09:14:32 PM   15   42.64    0.00   41.04    0.00    0.00    9.11    0.00    7.21      1.10

09:14:32 PM  CPU   %user   %nice    %sys %iowait    %irq   %soft  %steal   %idle    intr/s
09:14:42 PM  all   41.23    0.00   39.25    0.00    0.00    9.99    0.00    9.53   1013.89
09:14:42 PM    0   44.16    0.00   25.57    0.00    0.00   18.38    0.00   11.89    999.10
09:14:42 PM    1   41.54    0.00   40.44    0.00    0.00    9.21    0.00    8.81      0.00
09:14:42 PM    2   42.16    0.00   38.56    0.00    0.00    9.19    0.00   10.09      0.00
09:14:42 PM    3   39.76    0.00   40.86    0.00    0.00    9.19    0.00   10.19      0.00
09:14:42 PM    4   40.20    0.00   40.50    0.00    0.00    9.30    0.00   10.00      3.40
09:14:42 PM    5   41.78    0.00   40.78    0.00    0.00    8.42    0.00    9.02      0.00
09:14:42 PM    6   40.90    0.00   40.40    0.00    0.00    9.40    0.00    9.30      0.00
09:14:42 PM    7   40.34    0.00   40.64    0.00    0.00    9.71    0.00    9.31      0.50
09:14:42 PM    8   41.30    0.00   37.80    0.00    0.00   12.00    0.00    8.90      0.00
09:14:42 PM    9   41.30    0.00   39.90    0.00    0.00    9.10    0.00    9.70      0.00
09:14:42 PM   10   41.56    0.00   39.06    0.00    0.00    9.39    0.00    9.99      0.00
09:14:42 PM   11   40.04    0.00   40.04    0.00    0.00    9.21    0.00   10.71      0.00
09:14:42 PM   12   41.06    0.00   40.66    0.00    0.00    9.39    0.00    8.89      0.90
09:14:42 PM   13   41.08    0.00   40.58    0.00    0.00    9.52    0.00    8.82      8.49
09:14:42 PM   14   41.54    0.00   40.74    0.00    0.00    9.41    0.00    8.31      0.60
09:14:42 PM   15   41.20    0.00   41.50    0.00    0.00    8.90    0.00    8.40      0.90

09:14:42 PM  CPU   %user   %nice    %sys %iowait    %irq   %soft  %steal   %idle    intr/s
09:14:52 PM  all   41.03    0.00   39.47    0.00    0.00    9.99    0.00    9.51   1015.18
09:14:52 PM    0   44.86    0.00   26.97    0.00    0.00   18.48    0.00    9.69    999.10
09:14:52 PM    1   40.66    0.00   41.16    0.00    0.00    9.59    0.00    8.59      0.00
09:14:52 PM    2   40.50    0.00   40.40    0.00    0.00    9.70    0.00    9.40      0.00
09:14:52 PM    3   39.64    0.00   41.64    0.00    0.00    8.81    0.00    9.91      0.00
09:14:52 PM    4   40.80    0.00   40.00    0.00    0.00    9.20    0.00   10.00      2.80
09:14:52 PM    5   40.96    0.00   38.26    0.00    0.00    8.89    0.00   11.89      0.00
09:14:52 PM    6   40.96    0.00   41.26    0.00    0.00    9.09    0.00    8.69      0.00
09:14:52 PM    7   40.96    0.00   39.36    0.00    0.00    9.69    0.00    9.99      0.50
09:14:52 PM    8   41.50    0.00   40.00    0.00    0.00   11.70    0.00    6.80      0.00
09:14:52 PM    9   40.66    0.00   41.86    0.00    0.00    9.39    0.00    8.09      0.00
09:14:52 PM   10   39.58    0.00   40.68    0.00    0.00    9.22    0.00   10.52      0.00
09:14:52 PM   11   40.00    0.00   41.00    0.00    0.00    9.40    0.00    9.60      0.00
09:14:52 PM   12   41.54    0.00   39.84    0.00    0.00    9.51    0.00    9.11      0.80
09:14:52 PM   13   41.26    0.00   38.56    0.00    0.00    8.99    0.00   11.19     10.09
09:14:52 PM   14   41.50    0.00   40.70    0.00    0.00    9.30    0.00    8.50      0.60
09:14:52 PM   15   41.00    0.00   39.50    0.00    0.00    9.20    0.00   10.30      1.30

09:14:52 PM  CPU   %user   %nice    %sys %iowait    %irq   %soft  %steal   %idle    intr/s
09:15:02 PM  all   41.05    0.00   38.99    0.00    0.00    9.90    0.00   10.06   1019.74
09:15:02 PM    0   44.19    0.00   26.55    0.00    0.00   18.64    0.00   10.62   1002.10
09:15:02 PM    1   41.20    0.00   40.60    0.00    0.00    9.10    0.00    9.10      0.00
09:15:02 PM    2   40.90    0.00   40.30    0.00    0.00    9.50    0.00    9.30      0.00
09:15:02 PM    3   42.00    0.00   40.50    0.00    0.00    9.00    0.00    8.50      0.00
09:15:02 PM    4   40.64    0.00   38.54    0.00    0.00    9.01    0.00   11.81      5.21
09:15:02 PM    5   40.86    0.00   39.46    0.00    0.00    8.79    0.00   10.89      0.00
09:15:02 PM    6   39.78    0.00   39.88    0.00    0.00    9.82    0.00   10.52      0.00
09:15:02 PM    7   39.94    0.00   39.04    0.00    0.00    9.21    0.00   11.81      0.80
09:15:02 PM    8   42.20    0.00   39.30    0.00    0.00   11.40    0.00    7.10      0.00
09:15:02 PM    9   41.04    0.00   40.64    0.00    0.00    8.81    0.00    9.51      0.00
09:15:02 PM   10   41.42    0.00   40.32    0.00    0.00    9.48    0.00    8.78      0.00
09:15:02 PM   11   41.40    0.00   40.60    0.00    0.00    9.20    0.00    8.80      0.00
09:15:02 PM   12   40.70    0.00   39.10    0.00    0.00    8.90    0.00   11.30      0.90
09:15:02 PM   13   39.30    0.00   40.20    0.00    0.00    9.20    0.00   11.30      7.11
09:15:02 PM   14   40.30    0.00   39.70    0.00    0.00    9.40    0.00   10.60      1.40
09:15:02 PM   15   40.80    0.00   39.20    0.00    0.00    8.90    0.00   11.10      2.20

09:15:02 PM  CPU   %user   %nice    %sys %iowait    %irq   %soft  %steal   %idle    intr/s
09:15:12 PM  all   40.02    0.00   39.45    0.00    0.00    9.98    0.00   10.54   1016.98
09:15:12 PM    0   42.56    0.00   26.07    0.00    0.00   19.08    0.00   12.29    999.10
09:15:12 PM    1   39.66    0.00   40.36    0.00    0.00    8.69    0.00   11.29      0.00
09:15:12 PM    2   39.74    0.00   40.34    0.00    0.00    9.31    0.00   10.61      0.00
09:15:12 PM    3   39.24    0.00   40.24    0.00    0.00    9.11    0.00   11.41      0.00
09:15:12 PM    4   39.46    0.00   40.86    0.00    0.00    9.69    0.00    9.99      3.10
09:15:12 PM    5   40.74    0.00   40.74    0.00    0.00    9.11    0.00    9.41      0.00
09:15:12 PM    6   39.92    0.00   40.32    0.00    0.00    8.98    0.00   10.78      0.00
09:15:12 PM    7   40.26    0.00   40.06    0.00    0.00    9.49    0.00   10.19      0.50
09:15:12 PM    8   41.54    0.00   39.14    0.00    0.00   11.31    0.00    8.01      0.00
09:15:12 PM    9   39.16    0.00   40.16    0.00    0.00    8.99    0.00   11.69      0.00
09:15:12 PM   10   39.44    0.00   39.74    0.00    0.00   10.11    0.00   10.71      0.00
09:15:12 PM   11   38.70    0.00   40.10    0.00    0.00    9.70    0.00   11.50      0.00
09:15:12 PM   12   39.04    0.00   40.64    0.00    0.00    9.41    0.00   10.91      0.80
09:15:12 PM   13   39.90    0.00   41.50    0.00    0.00    9.00    0.00    9.60     11.79
09:15:12 PM   14   40.86    0.00   40.76    0.00    0.00    8.89    0.00    9.49      0.60
09:15:12 PM   15   40.00    0.00   40.30    0.00    0.00    9.00    0.00   10.70      1.10

09:15:12 PM  CPU   %user   %nice    %sys %iowait    %irq   %soft  %steal   %idle    intr/s
09:15:22 PM  all   40.09    0.00   39.26    0.00    0.00    9.83    0.00   10.82   1018.30
09:15:22 PM    0   44.00    0.00   26.10    0.00    0.00   18.20    0.00   11.70   1000.10
09:15:22 PM    1   40.04    0.00   40.44    0.00    0.00    9.01    0.00   10.51      0.00
09:15:22 PM    2   40.30    0.00   40.50    0.00    0.00    9.10    0.00   10.10      0.00
09:15:22 PM    3   40.80    0.00   40.60    0.00    0.00    8.90    0.00    9.70      0.00
09:15:22 PM    4   39.30    0.00   40.10    0.00    0.00    8.80    0.00   11.80      3.40
09:15:22 PM    5   38.60    0.00   41.00    0.00    0.00    9.00    0.00   11.40      0.00
09:15:22 PM    6   39.14    0.00   40.04    0.00    0.00    9.31    0.00   11.51      0.00
09:15:22 PM    7   39.04    0.00   40.34    0.00    0.00    8.91    0.00   11.71      0.60
09:15:22 PM    8   41.10    0.00   37.30    0.00    0.00   11.70    0.00    9.90      0.00
09:15:22 PM    9   40.68    0.00   39.58    0.00    0.00    9.52    0.00   10.22      0.00
09:15:22 PM   10   40.00    0.00   40.70    0.00    0.00    8.90    0.00   10.40      0.00
09:15:22 PM   11   40.50    0.00   40.20    0.00    0.00    9.30    0.00   10.00      0.00
09:15:22 PM   12   39.70    0.00   39.50    0.00    0.00    9.00    0.00   11.80      0.90
09:15:22 PM   13   38.50    0.00   41.00    0.00    0.00    9.00    0.00   11.50     11.10
09:15:22 PM   14   40.14    0.00   40.74    0.00    0.00    8.91    0.00   10.21      0.70
09:15:22 PM   15   39.66    0.00   39.96    0.00    0.00    9.29    0.00   11.09      1.50

09:15:22 PM  CPU   %user   %nice    %sys %iowait    %irq   %soft  %steal   %idle    intr/s
09:15:32 PM  all   40.08    0.00   39.36    0.00    0.00    9.98    0.00   10.58   1016.83
09:15:32 PM    0   43.99    0.00   26.25    0.00    0.00   18.14    0.00   11.62   1002.10
09:15:32 PM    1   39.50    0.00   41.40    0.00    0.00    9.60    0.00    9.50      0.00
09:15:32 PM    2   40.30    0.00   41.60    0.00    0.00    9.30    0.00    8.80      0.00
09:15:32 PM    3   40.30    0.00   41.00    0.00    0.00    9.80    0.00    8.90      0.00
09:15:32 PM    4   39.30    0.00   40.30    0.00    0.00    8.80    0.00   11.60      2.30
09:15:32 PM    5   39.44    0.00   39.14    0.00    0.00    9.21    0.00   12.21      0.00
09:15:32 PM    6   39.30    0.00   39.70    0.00    0.00    9.70    0.00   11.30      0.00
09:15:32 PM    7   38.60    0.00   40.50    0.00    0.00    9.10    0.00   11.80      0.50
09:15:32 PM    8   40.96    0.00   39.16    0.00    0.00   11.59    0.00    8.29      0.00
09:15:32 PM    9   40.26    0.00   40.96    0.00    0.00    9.29    0.00    9.49      0.00
09:15:32 PM   10   41.70    0.00   40.30    0.00    0.00    9.20    0.00    8.80      0.00
09:15:32 PM   11   41.10    0.00   40.90    0.00    0.00    9.40    0.00    8.60      0.00
09:15:32 PM   12   39.56    0.00   39.06    0.00    0.00    9.19    0.00   12.19      0.80
09:15:32 PM   13   38.50    0.00   39.90    0.00    0.00    9.50    0.00   12.10      9.22
09:15:32 PM   14   39.50    0.00   40.40    0.00    0.00    9.20    0.00   10.90      0.60
09:15:32 PM   15   39.24    0.00   39.24    0.00    0.00    8.91    0.00   12.61      1.30

09:15:32 PM  CPU   %user   %nice    %sys %iowait    %irq   %soft  %steal   %idle    intr/s
09:15:42 PM  all   40.22    0.00   39.05    0.00    0.00    9.98    0.00   10.75   1016.98
09:15:42 PM    0   45.35    0.00   26.37    0.00    0.00   18.08    0.00   10.19    999.10
09:15:42 PM    1   39.94    0.00   40.64    0.00    0.00    9.51    0.00    9.91      0.00
09:15:42 PM    2   40.66    0.00   40.06    0.00    0.00    9.49    0.00    9.79      0.00
09:15:42 PM    3   39.92    0.00   40.12    0.00    0.00    9.88    0.00   10.08      0.00
09:15:42 PM    4   39.80    0.00   40.40    0.00    0.00    8.90    0.00   10.90      4.30
09:15:42 PM    5   39.86    0.00   39.26    0.00    0.00    9.09    0.00   11.79      0.00
09:15:42 PM    6   39.26    0.00   40.06    0.00    0.00    8.69    0.00   11.99      0.00
09:15:42 PM    7   39.70    0.00   39.50    0.00    0.00    9.00    0.00   11.80      0.50
09:15:42 PM    8   42.04    0.00   38.04    0.00    0.00   12.51    0.00    7.41      0.00
09:15:42 PM    9   40.00    0.00   40.30    0.00    0.00    9.20    0.00   10.50      0.00
09:15:42 PM   10   40.00    0.00   40.60    0.00    0.00    9.00    0.00   10.40      0.00
09:15:42 PM   11   39.60    0.00   40.30    0.00    0.00    9.20    0.00   10.90      0.00
09:15:42 PM   12   39.20    0.00   40.00    0.00    0.00    9.40    0.00   11.40      0.90
09:15:42 PM   13   39.64    0.00   39.64    0.00    0.00    9.61    0.00   11.11     10.49
09:15:42 PM   14   39.00    0.00   40.00    0.00    0.00    8.90    0.00   12.10      0.60
09:15:42 PM   15   39.36    0.00   39.56    0.00    0.00    9.29    0.00   11.79      1.10

09:15:42 PM  CPU   %user   %nice    %sys %iowait    %irq   %soft  %steal   %idle    intr/s
09:15:52 PM  all   40.26    0.00   39.18    0.00    0.00    9.87    0.00   10.69   1017.30
09:15:52 PM    0   42.70    0.00   26.90    0.00    0.00   17.90    0.00   12.50   1000.10
09:15:52 PM    1   40.76    0.00   40.26    0.00    0.00    8.29    0.00   10.69      0.00
09:15:52 PM    2   40.04    0.00   40.04    0.00    0.00    9.31    0.00   10.61      0.00
09:15:52 PM    3   39.24    0.00   39.14    0.00    0.00    8.81    0.00   12.81      0.00
09:15:52 PM    4   40.14    0.00   41.04    0.00    0.00    9.21    0.00    9.61      2.20
09:15:52 PM    5   41.60    0.00   39.40    0.00    0.00    9.70    0.00    9.30      0.00
09:15:52 PM    6   39.88    0.00   40.18    0.00    0.00    9.22    0.00   10.72      0.00
09:15:52 PM    7   39.60    0.00   40.10    0.00    0.00    9.30    0.00   11.00      0.50
09:15:52 PM    8   39.50    0.00   39.00    0.00    0.00   11.50    0.00   10.00      0.00
09:15:52 PM    9   39.80    0.00   40.30    0.00    0.00    9.40    0.00   10.50      0.00
09:15:52 PM   10   40.40    0.00   39.50    0.00    0.00    9.50    0.00   10.60      0.00
09:15:52 PM   11   39.50    0.00   39.40    0.00    0.00    9.10    0.00   12.00      0.00
09:15:52 PM   12   40.70    0.00   41.20    0.00    0.00    8.90    0.00    9.20      1.00
09:15:52 PM   13   40.26    0.00   40.76    0.00    0.00    9.29    0.00    9.69     11.90
09:15:52 PM   14   40.60    0.00   39.60    0.00    0.00    8.90    0.00   10.90      0.70
09:15:52 PM   15   39.54    0.00   40.14    0.00    0.00    9.41    0.00   10.91      0.90

09:15:52 PM  CPU   %user   %nice    %sys %iowait    %irq   %soft  %steal   %idle    intr/s
09:16:02 PM  all   39.97    0.00   39.20    0.00    0.00   10.50    0.00   10.33   1021.92
09:16:02 PM    0   43.94    0.00   26.23    0.00    0.00   18.62    0.00   11.21   1001.10
09:16:02 PM    1   39.76    0.00   39.56    0.00    0.00    9.69    0.00   10.99      0.00
09:16:02 PM    2   40.50    0.00   39.80    0.00    0.00    9.70    0.00   10.00      0.00
09:16:02 PM    3   40.30    0.00   40.40    0.00    0.00   10.10    0.00    9.20      0.00
09:16:02 PM    4   38.40    0.00   40.20    0.00    0.00    9.70    0.00   11.70      4.90
09:16:02 PM    5   39.10    0.00   40.40    0.00    0.00    9.80    0.00   10.70      0.00
09:16:02 PM    6   38.76    0.00   41.06    0.00    0.00    9.49    0.00   10.69      0.00
09:16:02 PM    7   37.80    0.00   41.50    0.00    0.00    9.80    0.00   10.90      0.50
09:16:02 PM    8   42.40    0.00   37.20    0.00    0.00   12.20    0.00    8.20      0.00
09:16:02 PM    9   39.56    0.00   39.96    0.00    0.00    9.59    0.00   10.89      0.00
09:16:02 PM   10   41.80    0.00   39.30    0.00    0.00    9.80    0.00    9.10      0.00
09:16:02 PM   11   40.60    0.00   40.30    0.00    0.00   10.30    0.00    8.80      0.00
09:16:02 PM   12   38.90    0.00   40.00    0.00    0.00    9.70    0.00   11.40      0.90
09:16:02 PM   13   39.40    0.00   40.10    0.00    0.00    9.80    0.00   10.70     11.41
09:16:02 PM   14   38.76    0.00   40.16    0.00    0.00    9.99    0.00   11.09      0.80
09:16:02 PM   15   39.30    0.00   40.90    0.00    0.00    9.80    0.00   10.00      2.30

09:16:02 PM  CPU   %user   %nice    %sys %iowait    %irq   %soft  %steal   %idle    intr/s
09:16:12 PM  all   40.07    0.00   39.22    0.00    0.00    9.91    0.00   10.80   1014.89
09:16:12 PM    0   43.66    0.00   25.87    0.00    0.00   18.28    0.00   12.19    999.10
09:16:12 PM    1   40.88    0.00   41.08    0.00    0.00    9.52    0.00    8.52      0.00
09:16:12 PM    2   41.66    0.00   38.26    0.00    0.00    9.09    0.00   10.99      0.00
09:16:12 PM    3   40.54    0.00   39.84    0.00    0.00    9.21    0.00   10.41      0.00
09:16:12 PM    4   38.86    0.00   39.76    0.00    0.00    9.69    0.00   11.69      4.80
09:16:12 PM    5   38.50    0.00   40.90    0.00    0.00    9.30    0.00   11.30      0.00
09:16:12 PM    6   38.40    0.00   40.10    0.00    0.00    9.50    0.00   12.00      0.00
09:16:12 PM    7   38.44    0.00   41.14    0.00    0.00    8.71    0.00   11.71      0.60
09:16:12 PM    8   42.00    0.00   37.60    0.00    0.00   11.40    0.00    9.00      0.00
09:16:12 PM    9   41.94    0.00   40.74    0.00    0.00    9.21    0.00    8.11      0.00
09:16:12 PM   10   40.74    0.00   39.44    0.00    0.00    8.91    0.00   10.91      0.00
09:16:12 PM   11   40.20    0.00   40.60    0.00    0.00    9.30    0.00    9.90      0.00
09:16:12 PM   12   39.50    0.00   39.60    0.00    0.00    9.40    0.00   11.50      0.90
09:16:12 PM   13   39.20    0.00   40.90    0.00    0.00    8.60    0.00   11.30      7.59
09:16:12 PM   14   38.30    0.00   41.10    0.00    0.00    9.20    0.00   11.40      0.90
09:16:12 PM   15   38.44    0.00   40.44    0.00    0.00    9.31    0.00   11.81      1.00

09:16:12 PM  CPU   %user   %nice    %sys %iowait    %irq   %soft  %steal   %idle    intr/s
09:16:22 PM  all   37.78    0.00   38.17    0.00    0.00    9.66    0.00   14.38   1012.50
09:16:22 PM    0   40.70    0.00   24.80    0.00    0.00   17.40    0.00   17.10   1000.10
09:16:22 PM    1   36.50    0.00   38.30    0.00    0.00    9.10    0.00   16.10      0.00
09:16:22 PM    2   37.54    0.00   39.14    0.00    0.00    8.81    0.00   14.51      0.00
09:16:22 PM    3   36.96    0.00   39.06    0.00    0.00    8.69    0.00   15.28      0.00
09:16:22 PM    4   37.74    0.00   39.34    0.00    0.00    8.91    0.00   14.01      2.10
09:16:22 PM    5   36.74    0.00   38.64    0.00    0.00    9.31    0.00   15.32      0.00
09:16:22 PM    6   36.70    0.00   40.00    0.00    0.00    9.40    0.00   13.90      0.00
09:16:22 PM    7   38.10    0.00   38.20    0.00    0.00    9.10    0.00   14.60      0.60
09:16:22 PM    8   38.50    0.00   37.20    0.00    0.00   11.70    0.00   12.60      0.00
09:16:22 PM    9   38.36    0.00   39.16    0.00    0.00    9.19    0.00   13.29      0.00
09:16:22 PM   10   36.70    0.00   41.00    0.00    0.00    8.90    0.00   13.40      0.00
09:16:22 PM   11   38.04    0.00   38.24    0.00    0.00    8.81    0.00   14.91      0.00
09:16:22 PM   12   37.60    0.00   40.10    0.00    0.00    8.40    0.00   13.90      0.80
09:16:22 PM   13   38.54    0.00   39.54    0.00    0.00    8.41    0.00   13.51      6.70
09:16:22 PM   14   37.34    0.00   39.24    0.00    0.00    9.31    0.00   14.11      0.60
09:16:22 PM   15   38.50    0.00   38.80    0.00    0.00    9.10    0.00   13.60      1.60

09:16:22 PM  CPU   %user   %nice    %sys %iowait    %irq   %soft  %steal   %idle    intr/s
09:16:32 PM  all   37.26    0.00   38.15    0.00    0.01    9.40    0.00   15.19   1014.70
09:16:32 PM    0   38.40    0.00   24.80    0.00    0.00   18.10    0.00   18.70   1000.10
09:16:32 PM    1   36.60    0.00   38.80    0.00    0.00    8.70    0.00   15.90      0.00
09:16:32 PM    2   35.46    0.00   38.86    0.00    0.00    8.59    0.00   17.08      0.00
09:16:32 PM    3   35.50    0.00   38.60    0.00    0.00    8.40    0.00   17.50      0.00
09:16:32 PM    4   37.16    0.00   40.16    0.00    0.00    8.69    0.00   13.99      2.70
09:16:32 PM    5   38.26    0.00   39.66    0.00    0.00    8.59    0.00   13.49      0.00
09:16:32 PM    6   37.64    0.00   39.44    0.00    0.00    9.01    0.00   13.91      0.00
09:16:32 PM    7   38.06    0.00   39.16    0.00    0.00    8.69    0.00   14.09      0.50
09:16:32 PM    8   37.30    0.00   36.40    0.00    0.00   11.00    0.00   15.30      0.00
09:16:32 PM    9   37.58    0.00   38.58    0.00    0.00    8.22    0.00   15.63      0.00
09:16:32 PM   10   36.50    0.00   38.20    0.00    0.00    8.90    0.00   16.40      0.00
09:16:32 PM   11   36.16    0.00   38.46    0.00    0.00    8.49    0.00   16.88      0.00
09:16:32 PM   12   37.10    0.00   40.90    0.00    0.00    8.70    0.00   13.30      0.80
09:16:32 PM   13   38.60    0.00   39.50    0.00    0.00    8.70    0.00   13.20      8.50
09:16:32 PM   14   38.20    0.00   39.40    0.00    0.00    8.70    0.00   13.70      0.60
09:16:32 PM   15   37.66    0.00   39.36    0.00    0.00    9.09    0.00   13.89      1.50

09:16:32 PM  CPU   %user   %nice    %sys %iowait    %irq   %soft  %steal   %idle    intr/s
09:16:42 PM  all   37.23    0.00   38.18    0.00    0.00    9.54    0.00   15.04   1014.89
09:16:42 PM    0   40.46    0.00   25.77    0.00    0.00   18.38    0.00   15.38    999.10
09:16:42 PM    1   37.16    0.00   39.56    0.00    0.00    8.99    0.00   14.29      0.00
09:16:42 PM    2   37.37    0.00   40.38    0.00    0.00    8.62    0.00   13.63      0.00
09:16:42 PM    3   37.14    0.00   39.84    0.00    0.00    9.51    0.00   13.51      0.00
09:16:42 PM    4   36.00    0.00   38.50    0.00    0.00    8.50    0.00   17.00      3.70
09:16:42 PM    5   35.50    0.00   38.50    0.00    0.00    8.80    0.00   17.20      0.00
09:16:42 PM    6   36.86    0.00   37.46    0.00    0.00    8.49    0.00   17.18      0.00
09:16:42 PM    7   37.06    0.00   38.56    0.00    0.00    8.49    0.00   15.88      0.50
09:16:42 PM    8   38.80    0.00   38.00    0.00    0.00   11.10    0.00   12.10      0.00
09:16:42 PM    9   37.60    0.00   40.50    0.00    0.00    8.70    0.00   13.20      0.00
09:16:42 PM   10   36.50    0.00   40.60    0.00    0.00    8.90    0.00   14.00      0.00
09:16:42 PM   11   37.20    0.00   40.50    0.00    0.00    9.20    0.00   13.10      0.00
09:16:42 PM   12   37.04    0.00   38.14    0.00    0.00    9.11    0.00   15.72      0.80
09:16:42 PM   13   36.00    0.00   38.70    0.00    0.00    9.00    0.00   16.30      8.99
09:16:42 PM   14   37.10    0.00   37.70    0.00    0.00    8.40    0.00   16.80      0.60
09:16:42 PM   15   37.94    0.00   38.44    0.00    0.00    8.21    0.00   15.42      1.20

09:16:42 PM  CPU   %user   %nice    %sys %iowait    %irq   %soft  %steal   %idle    intr/s
09:16:52 PM  all   37.51    0.00   37.94    0.00    0.00    9.22    0.00   15.33   1026.75
09:16:52 PM    0   42.08    0.00   24.55    0.00    0.00   17.43    0.00   15.93   1002.10
09:16:52 PM    1   37.66    0.00   40.16    0.00    0.00    8.49    0.00   13.69      0.00
09:16:52 PM    2   37.26    0.00   39.06    0.00    0.00    8.59    0.00   15.08      0.00
09:16:52 PM    3   38.40    0.00   39.30    0.00    0.00    8.70    0.00   13.60      0.00
09:16:52 PM    4   35.64    0.00   39.04    0.00    0.00    8.31    0.00   17.02      3.11
09:16:52 PM    5   36.00    0.00   39.30    0.00    0.00    8.20    0.00   16.50      0.00
09:16:52 PM    6   35.44    0.00   38.54    0.00    0.00    8.81    0.00   17.22      0.00
09:16:52 PM    7   36.14    0.00   38.14    0.00    0.00    8.41    0.00   17.32      0.70
09:16:52 PM    8   39.40    0.00   37.50    0.00    0.00   11.30    0.00   11.80      0.00
09:16:52 PM    9   36.66    0.00   40.06    0.00    0.00    8.59    0.00   14.69      0.00
09:16:52 PM   10   41.30    0.00   38.50    0.00    0.00    7.90    0.00   12.30      0.00
09:16:52 PM   11   39.04    0.00   38.84    0.00    0.00    8.91    0.00   13.21      0.00
09:16:52 PM   12   35.40    0.00   39.20    0.00    0.00    8.30    0.00   17.10      2.10
09:16:52 PM   13   36.30    0.00   38.80    0.00    0.00    8.50    0.00   16.40     14.03
09:16:52 PM   14   36.30    0.00   38.20    0.00    0.00    8.60    0.00   16.90      3.01
09:16:52 PM   15   37.06    0.00   37.86    0.00    0.00    8.49    0.00   16.58      1.70

09:16:52 PM  CPU   %user   %nice    %sys %iowait    %irq   %soft  %steal   %idle    intr/s
09:17:02 PM  all   37.33    0.00   38.01    0.00    0.00    9.69    0.00   14.96   1015.38
09:17:02 PM    0   39.46    0.00   25.97    0.00    0.00   17.78    0.00   16.78    999.10
09:17:02 PM    1   36.94    0.00   38.74    0.00    0.00    9.31    0.00   15.02      0.00
09:17:02 PM    2   37.30    0.00   38.60    0.00    0.00    9.30    0.00   14.80      0.00
09:17:02 PM    3   37.26    0.00   38.36    0.00    0.00    9.19    0.00   15.18      0.00
09:17:02 PM    4   36.20    0.00   38.70    0.00    0.00    9.30    0.00   15.80      4.80
09:17:02 PM    5   36.60    0.00   39.50    0.00    0.00    8.70    0.00   15.20      0.00
09:17:02 PM    6   37.20    0.00   38.60    0.00    0.00    8.70    0.00   15.50      0.00
09:17:02 PM    7   37.34    0.00   38.34    0.00    0.00    8.51    0.00   15.82      0.90
09:17:02 PM    8   38.34    0.00   37.44    0.00    0.00   11.31    0.00   12.91      0.00
09:17:02 PM    9   36.94    0.00   39.44    0.00    0.00    8.71    0.00   14.91      0.00
09:17:02 PM   10   36.56    0.00   39.16    0.00    0.00    9.29    0.00   14.99      0.00
09:17:02 PM   11   36.80    0.00   38.60    0.00    0.00    8.70    0.00   15.90      0.00
09:17:02 PM   12   37.50    0.00   39.60    0.00    0.00    9.00    0.00   13.90      1.00
09:17:02 PM   13   37.54    0.00   38.84    0.00    0.00    8.71    0.00   14.91      7.19
09:17:02 PM   14   38.44    0.00   39.54    0.00    0.00    9.11    0.00   12.91      1.00
09:17:02 PM   15   37.10    0.00   38.80    0.00    0.00    9.30    0.00   14.80      1.40

09:17:02 PM  CPU   %user   %nice    %sys %iowait    %irq   %soft  %steal   %idle    intr/s
09:17:12 PM  all   37.45    0.00   38.01    0.00    0.00    9.44    0.00   15.10   1014.10
09:17:12 PM    0   41.00    0.00   25.00    0.00    0.00   17.70    0.00   16.30   1000.10
09:17:12 PM    1   37.90    0.00   39.80    0.00    0.00    8.50    0.00   13.80      0.00
09:17:12 PM    2   36.04    0.00   40.14    0.00    0.00    9.41    0.00   14.41      0.00
09:17:12 PM    3   35.94    0.00   39.24    0.00    0.00    8.71    0.00   16.12      0.00
09:17:12 PM    4   36.60    0.00   38.00    0.00    0.00    8.60    0.00   16.80      3.50
09:17:12 PM    5   36.64    0.00   38.54    0.00    0.00    8.81    0.00   16.02      0.00
09:17:12 PM    6   37.30    0.00   38.10    0.00    0.00    9.00    0.00   15.60      0.00
09:17:12 PM    7   37.10    0.00   39.10    0.00    0.00    8.60    0.00   15.20      0.50
09:17:12 PM    8   38.30    0.00   37.50    0.00    0.00   10.90    0.00   13.30      0.00
09:17:12 PM    9   38.50    0.00   38.90    0.00    0.00    8.40    0.00   14.20      0.00
09:17:12 PM   10   38.14    0.00   39.14    0.00    0.00    8.91    0.00   13.81      0.00
09:17:12 PM   11   37.00    0.00   39.30    0.00    0.00    9.00    0.00   14.70      0.00
09:17:12 PM   12   37.36    0.00   38.06    0.00    0.00    8.59    0.00   15.98      0.80
09:17:12 PM   13   36.66    0.00   39.46    0.00    0.00    8.59    0.00   15.28      7.00
09:17:12 PM   14   37.16    0.00   38.66    0.00    0.00    9.19    0.00   14.99      0.60
09:17:12 PM   15   37.74    0.00   39.14    0.00    0.00    8.21    0.00   14.91      1.60

09:17:12 PM  CPU   %user   %nice    %sys %iowait    %irq   %soft  %steal   %idle    intr/s
09:17:22 PM  all   37.33    0.00   38.07    0.00    0.00    9.41    0.00   15.19   1015.32
09:17:22 PM    0   39.74    0.00   24.82    0.00    0.00   17.72    0.00   17.72   1001.10
09:17:22 PM    1   36.14    0.00   39.04    0.00    0.00    8.81    0.00   16.02      0.00
09:17:22 PM    2   37.52    0.00   38.22    0.00    0.00    9.28    0.00   14.97      0.00
09:17:22 PM    3   35.70    0.00   39.20    0.00    0.00    8.00    0.00   17.10      0.00
09:17:22 PM    4   37.30    0.00   39.40    0.00    0.00    8.20    0.00   15.10      3.70
09:17:22 PM    5   37.70    0.00   39.80    0.00    0.00    8.70    0.00   13.80      0.00
09:17:22 PM    6   37.16    0.00   39.06    0.00    0.00    8.29    0.00   15.48      0.00
09:17:22 PM    7   38.36    0.00   39.16    0.00    0.00    8.39    0.00   14.09      0.70
09:17:22 PM    8   38.46    0.00   36.26    0.00    0.00   11.29    0.00   13.99      0.00
09:17:22 PM    9   37.16    0.00   38.86    0.00    0.00    8.69    0.00   15.28      0.00
09:17:22 PM   10   38.40    0.00   38.80    0.00    0.00    9.10    0.00   13.70      0.00
09:17:22 PM   11   35.73    0.00   39.42    0.00    0.00    8.58    0.00   16.27      0.00
09:17:22 PM   12   36.74    0.00   39.14    0.00    0.00    8.71    0.00   15.42      0.80
09:17:22 PM   13   36.34    0.00   39.54    0.00    0.00    9.21    0.00   14.91      7.11
09:17:22 PM   14   38.50    0.00   38.40    0.00    0.00    8.80    0.00   14.30      0.60
09:17:22 PM   15   36.16    0.00   39.96    0.00    0.00    8.89    0.00   14.99      1.30

09:17:22 PM  CPU   %user   %nice    %sys %iowait    %irq   %soft  %steal   %idle    intr/s
09:17:32 PM  all   37.50    0.00   38.01    0.00    0.00    9.22    0.00   15.27   1016.50
09:17:32 PM    0   41.00    0.00   24.70    0.00    0.00   17.30    0.00   17.00   1000.10
09:17:32 PM    1   38.12    0.00   38.82    0.00    0.00    8.18    0.00   14.87      0.00
09:17:32 PM    2   37.14    0.00   38.74    0.00    0.00    8.61    0.00   15.52      0.00
09:17:32 PM    3   37.06    0.00   38.86    0.00    0.00    8.39    0.00   15.68      0.00
09:17:32 PM    4   36.80    0.00   39.10    0.00    0.00    8.80    0.00   15.30      3.20
09:17:32 PM    5   36.40    0.00   38.60    0.00    0.00    8.30    0.00   16.70      0.00
09:17:32 PM    6   36.34    0.00   38.34    0.00    0.00    9.01    0.00   16.32      0.00
09:17:32 PM    7   36.94    0.00   38.84    0.00    0.00    8.51    0.00   15.72      0.60
09:17:32 PM    8   37.64    0.00   36.64    0.00    0.00   11.51    0.00   14.21      0.00
09:17:32 PM    9   38.00    0.00   40.10    0.00    0.00    7.90    0.00   14.00      0.00
09:17:32 PM   10   37.70    0.00   39.30    0.00    0.00    8.60    0.00   14.40      0.00
09:17:32 PM   11   37.27    0.00   38.88    0.00    0.00    8.72    0.00   15.13      0.00
09:17:32 PM   12   36.56    0.00   39.86    0.00    0.00    8.69    0.00   14.89      1.00
09:17:32 PM   13   37.86    0.00   38.36    0.00    0.00    8.69    0.00   15.08      9.20
09:17:32 PM   14   36.94    0.00   39.64    0.00    0.00    8.31    0.00   15.12      0.80
09:17:32 PM   15   38.04    0.00   39.54    0.00    0.00    7.91    0.00   14.51      1.60

09:17:32 PM  CPU   %user   %nice    %sys %iowait    %irq   %soft  %steal   %idle    intr/s
09:17:42 PM  all   37.09    0.00   37.83    0.00    0.00    9.29    0.00   15.78   1035.80
09:17:42 PM    0   39.70    0.00   25.00    0.00    0.00   17.20    0.00   18.10   1000.10
09:17:42 PM    1   36.37    0.00   37.98    0.00    0.00    8.62    0.00   17.03      0.00
09:17:42 PM    2   35.70    0.00   40.10    0.00    0.00    8.50    0.00   15.70      0.00
09:17:42 PM    3   36.14    0.00   38.24    0.00    0.00    8.41    0.00   17.22      0.00
09:17:42 PM    4   37.10    0.00   38.50    0.00    0.00    9.00    0.00   15.40      3.60
09:17:42 PM    5   37.60    0.00   38.80    0.00    0.00    8.90    0.00   14.70      0.00
09:17:42 PM    6   37.10    0.00   39.20    0.00    0.00    8.70    0.00   15.00      0.00
09:17:42 PM    7   38.30    0.00   38.30    0.00    0.00    8.20    0.00   15.20     11.00
09:17:42 PM    8   37.90    0.00   35.60    0.00    0.00   10.90    0.00   15.60      0.00
09:17:42 PM    9   36.84    0.00   38.24    0.00    0.00    8.71    0.00   16.22      0.00
09:17:42 PM   10   36.34    0.00   39.24    0.00    0.00    8.31    0.00   16.12      0.00
09:17:42 PM   11   35.30    0.00   39.30    0.00    0.00    8.70    0.00   16.70      0.00
09:17:42 PM   12   37.50    0.00   39.80    0.00    0.00    8.30    0.00   14.40      0.90
09:17:42 PM   13   37.84    0.00   38.54    0.00    0.00    8.51    0.00   15.12      8.20
09:17:42 PM   14   37.20    0.00   39.30    0.00    0.00    8.90    0.00   14.60     11.00
09:17:42 PM   15   36.80    0.00   39.10    0.00    0.00    8.80    0.00   15.30      1.00

09:17:42 PM  CPU   %user   %nice    %sys %iowait    %irq   %soft  %steal   %idle    intr/s
09:17:52 PM  all   35.44    0.00   36.20    0.00    0.00    9.02    0.00   19.34   1015.50
09:17:52 PM    0   39.00    0.00   23.50    0.00    0.00   17.40    0.00   20.10   1000.10
09:17:52 PM    1   34.30    0.00   36.80    0.00    0.00    8.20    0.00   20.70      0.00
09:17:52 PM    2   35.24    0.00   37.54    0.00    0.00    7.81    0.00   19.42      0.00
09:17:52 PM    3   34.23    0.00   37.04    0.00    0.00    8.61    0.00   20.12      0.00
09:17:52 PM    4   35.70    0.00   36.90    0.00    0.00    7.70    0.00   19.70      3.00
09:17:52 PM    5   34.93    0.00   37.44    0.00    0.00    8.61    0.00   19.02      0.00
09:17:52 PM    6   35.30    0.00   36.70    0.00    0.00    8.50    0.00   19.50      0.00
09:17:52 PM    7   33.43    0.00   37.23    0.00    0.00    8.18    0.00   21.16      0.50
09:17:52 PM    8   36.40    0.00   34.60    0.00    0.00   11.20    0.00   17.80      0.00
09:17:52 PM    9   35.23    0.00   37.13    0.00    0.00    8.18    0.00   19.46      0.00
09:17:52 PM   10   36.06    0.00   36.06    0.00    0.00    8.89    0.00   18.98      0.00
09:17:52 PM   11   36.16    0.00   37.36    0.00    0.00    8.19    0.00   18.28      0.00
09:17:52 PM   12   34.73    0.00   37.34    0.00    0.00    8.31    0.00   19.62      1.10
09:17:52 PM   13   36.10    0.00   38.30    0.00    0.00    8.00    0.00   17.60     10.20
09:17:52 PM   14   35.56    0.00   37.36    0.00    0.00    8.59    0.00   18.48      0.60
09:17:52 PM   15   34.50    0.00   38.00    0.00    0.00    7.90    0.00   19.60      0.00

09:17:52 PM  CPU   %user   %nice    %sys %iowait    %irq   %soft  %steal   %idle    intr/s
09:18:02 PM  all   35.55    0.00   36.26    0.00    0.00    8.95    0.00   19.24   1024.80
09:18:02 PM    0   37.80    0.00   23.90    0.00    0.00   16.60    0.00   21.70   1000.10
09:18:02 PM    1   35.40    0.00   35.30    0.00    0.00    8.10    0.00   21.20      0.00
09:18:02 PM    2   35.30    0.00   37.10    0.00    0.00    7.90    0.00   19.70      0.00
09:18:02 PM    3   34.33    0.00   37.03    0.00    0.00    8.88    0.00   19.76      0.00
09:18:02 PM    4   35.10    0.00   37.30    0.00    0.00    8.20    0.00   19.40      5.90
09:18:02 PM    5   35.03    0.00   37.72    0.00    0.00    8.08    0.00   19.16      0.00
09:18:02 PM    6   36.10    0.00   37.10    0.00    0.00    8.00    0.00   18.80      0.00
09:18:02 PM    7   35.37    0.00   37.17    0.00    0.00    8.22    0.00   19.24      0.80
09:18:02 PM    8   35.36    0.00   34.77    0.00    0.00   11.19    0.00   18.68      0.00
09:18:02 PM    9   35.24    0.00   37.14    0.00    0.00    8.51    0.00   19.12      0.00
09:18:02 PM   10   36.30    0.00   36.80    0.00    0.00    8.30    0.00   18.60      0.00
09:18:02 PM   11   35.34    0.00   37.94    0.00    0.00    8.31    0.00   18.42      0.00
09:18:02 PM   12   36.10    0.00   37.20    0.00    0.00    8.20    0.00   18.50      1.20
09:18:02 PM   13   36.06    0.00   37.06    0.00    0.00    8.29    0.00   18.58     15.90
09:18:02 PM   14   35.34    0.00   38.54    0.00    0.00    8.31    0.00   17.82      0.90
09:18:02 PM   15   34.80    0.00   38.00    0.00    0.00    8.20    0.00   19.00      0.00

09:18:02 PM  CPU   %user   %nice    %sys %iowait    %irq   %soft  %steal   %idle    intr/s
09:18:12 PM  all   31.34    0.00   33.64    0.00    0.00    8.19    0.00   26.82   1014.69
09:18:12 PM    0   35.06    0.00   21.78    0.00    0.00   15.88    0.00   27.27    999.10
09:18:12 PM    1   30.40    0.00   34.10    0.00    0.00    7.50    0.00   28.00      0.00
09:18:12 PM    2   30.50    0.00   35.00    0.00    0.00    7.40    0.00   27.10      0.00
09:18:12 PM    3   29.53    0.00   35.04    0.00    0.00    7.61    0.00   27.83      0.00
09:18:12 PM    4   30.50    0.00   33.80    0.00    0.00    7.80    0.00   27.90      5.09
09:18:12 PM    5   30.23    0.00   34.73    0.00    0.00    7.81    0.00   27.23      0.00
09:18:12 PM    6   31.07    0.00   33.67    0.00    0.00    7.89    0.00   27.37      0.00
09:18:12 PM    7   30.77    0.00   33.67    0.00    0.00    7.79    0.00   27.77      0.50
09:18:12 PM    8   32.50    0.00   32.40    0.00    0.00   10.10    0.00   25.00      0.00
09:18:12 PM    9   31.13    0.00   35.94    0.00    0.00    7.01    0.00   25.93      0.00
09:18:12 PM   10   31.40    0.00   34.90    0.00    0.00    7.30    0.00   26.40      0.00
09:18:12 PM   11   31.60    0.00   34.60    0.00    0.00    7.70    0.00   26.10      0.00
09:18:12 PM   12   31.00    0.00   34.30    0.00    0.00    7.40    0.00   27.30      2.00
09:18:12 PM   13   31.60    0.00   34.90    0.00    0.10    7.60    0.00   25.80      7.29
09:18:12 PM   14   32.27    0.00   35.26    0.00    0.00    7.09    0.00   25.37      0.70
09:18:12 PM   15   31.60    0.00   34.40    0.00    0.00    7.20    0.00   26.80      0.00

09:18:12 PM  CPU   %user   %nice    %sys %iowait    %irq   %soft  %steal   %idle    intr/s
09:18:22 PM  all   30.59    0.00   32.69    0.00    0.00    7.87    0.00   28.85   1015.72
09:18:22 PM    0   34.03    0.00   20.72    0.00    0.00   15.62    0.00   29.63   1001.10
09:18:22 PM    1   29.87    0.00   32.97    0.00    0.00    6.79    0.00   30.37      0.00
09:18:22 PM    2   29.60    0.00   33.40    0.00    0.00    7.10    0.00   29.90      0.00
09:18:22 PM    3   29.67    0.00   33.87    0.00    0.00    7.19    0.00   29.27      0.00
09:18:22 PM    4   30.00    0.00   32.60    0.00    0.00    7.20    0.00   30.20      1.90
09:18:22 PM    5   29.87    0.00   33.17    0.00    0.00    7.19    0.00   29.77      0.00
09:18:22 PM    6   30.43    0.00   33.53    0.00    0.00    7.01    0.00   29.03      0.00
09:18:22 PM    7   29.93    0.00   33.83    0.00    0.00    7.31    0.00   28.93      0.60
09:18:22 PM    8   31.33    0.00   33.03    0.00    0.00    9.91    0.00   25.73      0.00
09:18:22 PM    9   30.90    0.00   33.50    0.00    0.00    7.00    0.00   28.60      0.00
09:18:22 PM   10   30.63    0.00   33.13    0.00    0.00    7.21    0.00   29.03      0.00
09:18:22 PM   11   31.40    0.00   33.50    0.00    0.00    7.40    0.00   27.70      0.00
09:18:22 PM   12   30.90    0.00   33.70    0.00    0.00    7.40    0.00   28.00      1.20
09:18:22 PM   13   30.00    0.00   34.70    0.00    0.00    7.10    0.00   28.20      9.51
09:18:22 PM   14   30.00    0.00   34.00    0.00    0.00    7.10    0.00   28.90      0.60
09:18:22 PM   15   30.70    0.00   33.30    0.00    0.00    7.60    0.00   28.40      0.80

09:18:22 PM  CPU   %user   %nice    %sys %iowait    %irq   %soft  %steal   %idle    intr/s
09:18:32 PM  all   28.04    0.00   30.68    0.00    0.00    7.71    0.00   33.57   1019.90
09:18:32 PM    0   30.40    0.00   20.30    0.00    0.00   14.10    0.00   35.20   1000.10
09:18:32 PM    1   27.53    0.00   31.13    0.00    0.00    6.81    0.00   34.53      0.00
09:18:32 PM    2   27.00    0.00   30.70    0.00    0.00    7.30    0.00   35.00      0.00
09:18:32 PM    3   27.13    0.00   30.83    0.00    0.00    7.21    0.00   34.83      0.00
09:18:32 PM    4   27.23    0.00   31.43    0.00    0.00    7.41    0.00   33.93      4.50
09:18:32 PM    5   27.73    0.00   31.13    0.00    0.00    7.51    0.00   33.63      0.00
09:18:32 PM    6   27.50    0.00   31.90    0.00    0.00    7.40    0.00   33.20      0.00
09:18:32 PM    7   27.70    0.00   31.60    0.00    0.00    7.00    0.00   33.70      0.50
09:18:32 PM    8   28.30    0.00   29.70    0.00    0.00    8.80    0.00   33.20      0.00
09:18:32 PM    9   28.20    0.00   32.10    0.00    0.00    7.10    0.00   32.60      0.00
09:18:32 PM   10   27.90    0.00   31.20    0.00    0.00    7.20    0.00   33.70      0.00
09:18:32 PM   11   28.20    0.00   31.40    0.00    0.00    7.10    0.00   33.30      0.00
09:18:32 PM   12   28.87    0.00   32.47    0.00    0.00    6.99    0.00   31.67      1.50
09:18:32 PM   13   27.90    0.00   31.30    0.00    0.00    7.10    0.00   33.70     11.80
09:18:32 PM   14   29.00    0.00   32.20    0.00    0.00    7.00    0.00   31.80      0.70
09:18:32 PM   15   28.10    0.00   31.60    0.00    0.00    7.20    0.00   33.10      0.80

09:18:32 PM  CPU   %user   %nice    %sys %iowait    %irq   %soft  %steal   %idle    intr/s
09:18:42 PM  all   27.34    0.00   29.97    0.00    0.00    7.76    0.00   34.93   1014.40
09:18:42 PM    0   30.40    0.00   19.30    0.00    0.00   14.20    0.00   36.10   1000.10
09:18:42 PM    1   27.50    0.00   29.60    0.00    0.00    6.70    0.00   36.20      0.00
09:18:42 PM    2   27.20    0.00   31.00    0.00    0.00    7.00    0.00   34.80      0.00
09:18:42 PM    3   25.97    0.00   30.37    0.00    0.00    7.19    0.00   36.46      0.00
09:18:42 PM    4   26.27    0.00   31.17    0.00    0.00    7.29    0.00   35.26      2.50
09:18:42 PM    5   25.13    0.00   30.23    0.00    0.00    7.21    0.00   37.44      0.00
09:18:42 PM    6   26.70    0.00   31.30    0.00    0.00    7.60    0.00   34.40      0.00
09:18:42 PM    7   26.00    0.00   30.50    0.00    0.00    7.10    0.00   36.40      0.50
09:18:42 PM    8   28.80    0.00   29.00    0.00    0.00    9.50    0.00   32.70      0.00
09:18:42 PM    9   27.60    0.00   30.90    0.00    0.00    7.00    0.00   34.50      0.00
09:18:42 PM   10   27.74    0.00   31.14    0.00    0.00    7.39    0.00   33.73      0.00
09:18:42 PM   11   27.50    0.00   30.50    0.00    0.00    7.30    0.00   34.70      0.00
09:18:42 PM   12   28.03    0.00   30.83    0.00    0.00    6.91    0.00   34.23      1.20
09:18:42 PM   13   27.50    0.00   31.00    0.00    0.00    7.10    0.00   34.40      8.60
09:18:42 PM   14   27.83    0.00   31.73    0.00    0.00    7.41    0.00   33.03      0.60
09:18:42 PM   15   27.37    0.00   30.97    0.00    0.00    7.19    0.00   34.47      0.90

09:18:42 PM  CPU   %user   %nice    %sys %iowait    %irq   %soft  %steal   %idle    intr/s
09:18:52 PM  all   27.21    0.00   30.17    0.00    0.00    7.64    0.00   34.99   1014.89
09:18:52 PM    0   30.57    0.00   19.08    0.00    0.00   13.79    0.00   36.56    999.10
09:18:52 PM    1   25.67    0.00   30.97    0.00    0.00    7.29    0.00   36.06      0.00
09:18:52 PM    2   27.10    0.00   31.00    0.00    0.00    7.20    0.00   34.70      0.00
09:18:52 PM    3   26.53    0.00   31.03    0.00    0.00    6.81    0.00   35.64      0.00
09:18:52 PM    4   26.60    0.00   31.40    0.00    0.00    7.60    0.00   34.40      2.40
09:18:52 PM    5   26.97    0.00   29.77    0.00    0.00    7.19    0.00   36.06      0.00
09:18:52 PM    6   26.80    0.00   30.20    0.00    0.00    7.40    0.00   35.60      0.00
09:18:52 PM    7   26.07    0.00   30.07    0.00    0.00    7.39    0.00   36.46      0.60
09:18:52 PM    8   28.47    0.00   29.67    0.00    0.00    8.89    0.00   32.97      0.00
09:18:52 PM    9   27.30    0.00   31.20    0.00    0.00    7.00    0.00   34.50      0.00
09:18:52 PM   10   27.23    0.00   32.43    0.00    0.00    6.71    0.00   33.63      0.00
09:18:52 PM   11   27.50    0.00   31.80    0.00    0.00    6.50    0.00   34.20      0.00
09:18:52 PM   12   27.70    0.00   30.20    0.00    0.00    7.40    0.00   34.70      1.20
09:18:52 PM   13   27.43    0.00   30.83    0.00    0.00    6.81    0.00   34.93      9.99
09:18:52 PM   14   27.30    0.00   31.30    0.00    0.00    7.10    0.00   34.30      0.70
09:18:52 PM   15   26.20    0.00   31.50    0.00    0.00    7.20    0.00   35.10      0.90

09:18:52 PM  CPU   %user   %nice    %sys %iowait    %irq   %soft  %steal   %idle    intr/s
09:19:02 PM  all   27.58    0.00   29.70    0.00    0.00    7.65    0.00   35.08   1017.82
09:19:02 PM    0   30.83    0.00   19.32    0.00    0.00   14.11    0.00   35.74   1001.10
09:19:02 PM    1   26.93    0.00   30.23    0.00    0.00    6.71    0.00   36.14      0.00
09:19:02 PM    2   25.60    0.00   31.00    0.00    0.00    6.70    0.00   36.70      0.00
09:19:02 PM    3   26.10    0.00   30.20    0.00    0.00    7.00    0.00   36.70      0.00
09:19:02 PM    4   26.35    0.00   30.26    0.00    0.00    7.11    0.00   36.27      4.70
09:19:02 PM    5   27.70    0.00   30.00    0.00    0.00    7.00    0.00   35.30      0.00
09:19:02 PM    6   27.77    0.00   29.67    0.00    0.00    7.29    0.00   35.26      0.00
09:19:02 PM    7   27.13    0.00   30.83    0.00    0.00    7.31    0.00   34.73      0.50
09:19:02 PM    8   28.03    0.00   28.93    0.00    0.00    9.31    0.00   33.73      0.00
09:19:02 PM    9   27.93    0.00   30.53    0.00    0.00    6.91    0.00   34.63      0.00
09:19:02 PM   10   28.63    0.00   30.23    0.00    0.00    7.01    0.00   34.13      0.00
09:19:02 PM   11   26.73    0.00   31.13    0.00    0.00    6.91    0.00   35.24      0.00
09:19:02 PM   12   27.57    0.00   30.57    0.00    0.00    6.99    0.00   34.87      1.20
09:19:02 PM   13   27.45    0.00   30.14    0.00    0.00    7.29    0.00   35.13      8.31
09:19:02 PM   14   28.10    0.00   30.90    0.00    0.00    7.50    0.00   33.50      1.00
09:19:02 PM   15   28.33    0.00   31.13    0.00    0.00    7.41    0.00   33.13      1.00

09:19:02 PM  CPU   %user   %nice    %sys %iowait    %irq   %soft  %steal   %idle    intr/s
09:19:12 PM  all   27.28    0.00   30.21    0.00    0.00    7.56    0.00   34.95   1015.28
09:19:12 PM    0   29.67    0.00   19.28    0.00    0.00   14.29    0.00   36.76    999.10
09:19:12 PM    1   26.30    0.00   31.00    0.00    0.00    7.00    0.00   35.70      0.00
09:19:12 PM    2   26.10    0.00   31.90    0.00    0.00    7.30    0.00   34.70      0.00
09:19:12 PM    3   26.80    0.00   31.10    0.00    0.00    6.90    0.00   35.20      0.00
09:19:12 PM    4   26.17    0.00   30.87    0.00    0.00    7.09    0.00   35.86      3.60
09:19:12 PM    5   25.83    0.00   30.73    0.00    0.00    6.61    0.00   36.84      0.00
09:19:12 PM    6   26.45    0.00   29.96    0.00    0.00    7.21    0.00   36.37      0.00
09:19:12 PM    7   26.50    0.00   30.80    0.00    0.00    7.20    0.00   35.50      0.50
09:19:12 PM    8   29.40    0.00   28.60    0.00    0.00    9.00    0.00   33.00      0.00
09:19:12 PM    9   27.70    0.00   31.60    0.00    0.00    6.70    0.00   34.00      0.00
09:19:12 PM   10   28.70    0.00   31.90    0.00    0.00    6.80    0.00   32.60      0.00
09:19:12 PM   11   27.10    0.00   32.20    0.00    0.00    6.80    0.00   33.90      0.00
09:19:12 PM   12   27.13    0.00   31.03    0.00    0.00    7.01    0.00   34.83      1.80
09:19:12 PM   13   26.98    0.00   30.59    0.00    0.00    6.82    0.00   35.61      8.89
09:19:12 PM   14   27.73    0.00   31.03    0.00    0.00    7.01    0.00   34.23      0.60
09:19:12 PM   15   27.80    0.00   31.00    0.00    0.00    7.10    0.00   34.10      0.80

09:19:12 PM  CPU   %user   %nice    %sys %iowait    %irq   %soft  %steal   %idle    intr/s
09:19:22 PM  all   27.38    0.00   30.01    0.00    0.00    7.67    0.00   34.94   1019.90
09:19:22 PM    0   30.10    0.00   19.30    0.00    0.00   14.50    0.00   36.10   1000.10
09:19:22 PM    1   26.57    0.00   30.27    0.00    0.00    6.79    0.00   36.36      0.00
09:19:22 PM    2   26.93    0.00   31.13    0.00    0.00    6.91    0.00   35.04      0.00
09:19:22 PM    3   26.70    0.00   30.30    0.00    0.00    6.60    0.00   36.40      0.00
09:19:22 PM    4   26.20    0.00   30.10    0.00    0.00    7.30    0.00   36.40      2.80
09:19:22 PM    5   26.87    0.00   30.47    0.00    0.00    6.99    0.00   35.66      0.00
09:19:22 PM    6   27.37    0.00   30.37    0.00    0.00    6.89    0.00   35.36      0.00
09:19:22 PM    7   27.50    0.00   30.30    0.00    0.00    7.40    0.00   34.80      0.60
09:19:22 PM    8   28.90    0.00   29.20    0.00    0.00    9.20    0.00   32.70      0.00
09:19:22 PM    9   26.80    0.00   32.30    0.00    0.00    6.90    0.00   34.00      0.00
09:19:22 PM   10   27.97    0.00   31.87    0.00    0.00    7.19    0.00   32.97      0.00
09:19:22 PM   11   28.34    0.00   30.44    0.00    0.00    7.39    0.00   33.83      0.00
09:19:22 PM   12   26.30    0.00   31.70    0.00    0.00    6.90    0.00   35.10      1.40
09:19:22 PM   13   26.47    0.00   31.57    0.00    0.00    7.19    0.00   34.77     13.40
09:19:22 PM   14   27.90    0.00   29.90    0.00    0.00    7.20    0.00   35.00      0.70
09:19:22 PM   15   27.40    0.00   30.80    0.00    0.00    7.40    0.00   34.40      0.90

09:19:22 PM  CPU   %user   %nice    %sys %iowait    %irq   %soft  %steal   %idle    intr/s
09:19:32 PM  all   27.06    0.00   30.12    0.00    0.00    7.78    0.00   35.04   1016.72
09:19:32 PM    0   30.43    0.00   19.32    0.00    0.00   14.51    0.00   35.74   1001.10
09:19:32 PM    1   26.53    0.00   30.43    0.00    0.00    6.41    0.00   36.64      0.00
09:19:32 PM    2   25.97    0.00   31.37    0.00    0.00    6.99    0.00   35.66      0.00
09:19:32 PM    3   27.13    0.00   30.83    0.00    0.00    7.11    0.00   34.93      0.00
09:19:32 PM    4   26.27    0.00   29.67    0.00    0.00    7.79    0.00   36.26      2.90
09:19:32 PM    5   26.10    0.00   30.60    0.00    0.00    7.40    0.00   35.90      0.00
09:19:32 PM    6   26.23    0.00   31.73    0.00    0.00    7.21    0.00   34.83      0.00
09:19:32 PM    7   26.20    0.00   30.10    0.00    0.00    7.40    0.00   36.30      0.50
09:19:32 PM    8   27.90    0.00   29.80    0.00    0.00    9.00    0.00   33.30      0.00
09:19:32 PM    9   26.40    0.00   30.90    0.00    0.00    6.70    0.00   36.00      0.00
09:19:32 PM   10   26.83    0.00   32.13    0.00    0.00    7.21    0.00   33.83      0.00
09:19:32 PM   11   27.23    0.00   30.63    0.00    0.00    7.31    0.00   34.83      0.00
09:19:32 PM   12   27.20    0.00   30.00    0.00    0.00    7.30    0.00   35.50      1.50
09:19:32 PM   13   27.60    0.00   31.10    0.00    0.00    7.20    0.00   34.10      8.81
09:19:32 PM   14   27.67    0.00   32.17    0.00    0.00    7.29    0.00   32.87      0.70
09:19:32 PM   15   27.10    0.00   31.20    0.00    0.00    7.70    0.00   34.00      1.20

09:19:32 PM  CPU   %user   %nice    %sys %iowait    %irq   %soft  %steal   %idle    intr/s
09:19:42 PM  all   22.42    0.00   25.44    0.00    0.00    7.22    0.00   44.92   1019.22
09:19:42 PM    0   24.12    0.00   15.92    0.00    0.00   12.61    0.00   47.35   1001.10
09:19:42 PM    1   21.98    0.00   26.17    0.00    0.00    6.59    0.00   45.25      0.00
09:19:42 PM    2   21.72    0.00   25.63    0.00    0.00    6.41    0.00   46.25      0.00
09:19:42 PM    3   22.60    0.00   26.50    0.00    0.00    6.20    0.00   44.70      0.00
09:19:42 PM    4   21.12    0.00   25.53    0.00    0.00    7.41    0.00   45.95      4.10
09:19:42 PM    5   21.30    0.00   25.40    0.00    0.00    7.00    0.00   46.30      0.00
09:19:42 PM    6   22.60    0.00   25.10    0.00    0.00    6.70    0.00   45.60      0.00
09:19:42 PM    7   22.00    0.00   25.10    0.00    0.00    7.10    0.00   45.80      0.50
09:19:42 PM    8   23.20    0.00   24.60    0.00    0.00    8.80    0.00   43.40      0.00
09:19:42 PM    9   23.20    0.00   27.10    0.00    0.00    6.40    0.00   43.30      0.00
09:19:42 PM   10   22.30    0.00   27.30    0.00    0.00    6.40    0.00   44.00      0.00
09:19:42 PM   11   23.20    0.00   27.60    0.00    0.00    6.60    0.00   42.60      0.00
09:19:42 PM   12   24.00    0.00   27.70    0.00    0.00    7.20    0.00   41.10      1.50
09:19:42 PM   13   22.78    0.00   26.07    0.00    0.00    6.29    0.00   44.86     10.91
09:19:42 PM   14   21.02    0.00   25.33    0.00    0.00    7.01    0.00   46.65      0.40
09:19:42 PM   15   21.60    0.00   26.00    0.00    0.00    6.80    0.00   45.60      0.70

09:19:42 PM  CPU   %user   %nice    %sys %iowait    %irq   %soft  %steal   %idle    intr/s
09:19:52 PM  all   19.19    0.00   22.27    0.00    0.00    6.60    0.00   51.93   1014.67
09:19:52 PM    0   22.75    0.00   15.07    0.00    0.00   10.88    0.00   51.30    998.10
09:19:52 PM    1   18.10    0.00   23.50    0.00    0.00    5.50    0.00   52.90      0.00
09:19:52 PM    2   18.08    0.00   23.88    0.00    0.00    5.49    0.00   52.55      0.00
09:19:52 PM    3   18.48    0.00   23.88    0.00    0.00    5.79    0.00   51.85      0.00
09:19:52 PM    4   18.08    0.00   21.08    0.00    0.00    6.59    0.00   54.25      2.10
09:19:52 PM    5   17.92    0.00   21.22    0.00    0.00    6.21    0.00   54.65      0.00
09:19:52 PM    6   19.38    0.00   22.38    0.00    0.00    6.49    0.00   51.75      0.00
09:19:52 PM    7   18.20    0.00   22.50    0.00    0.00    6.80    0.00   52.50      0.50
09:19:52 PM    8   21.90    0.00   23.00    0.00    0.00    7.70    0.00   47.40      0.00
09:19:52 PM    9   20.70    0.00   23.60    0.00    0.00    5.80    0.00   49.90      0.00
09:19:52 PM   10   19.38    0.00   24.38    0.00    0.00    5.59    0.00   50.65      0.00
09:19:52 PM   11   19.70    0.00   24.20    0.00    0.00    5.50    0.00   50.60      0.00
09:19:52 PM   12   19.12    0.00   21.92    0.00    0.00    7.01    0.00   51.95      1.00
09:19:52 PM   13   17.02    0.00   20.92    0.00    0.00    6.51    0.00   55.56     11.78
09:19:52 PM   14   18.48    0.00   22.08    0.00    0.00    6.79    0.00   52.65      0.50
09:19:52 PM   15   19.70    0.00   22.80    0.00    0.00    6.90    0.00   50.60      0.70

09:19:52 PM  CPU   %user   %nice    %sys %iowait    %irq   %soft  %steal   %idle    intr/s
09:20:02 PM  all   19.24    0.00   22.03    0.00    0.00    6.53    0.00   52.19   1023.62
09:20:02 PM    0   21.42    0.00   15.22    0.00    0.00   10.81    0.00   52.55   1001.10
09:20:02 PM    1   17.62    0.00   21.62    0.00    0.00    6.11    0.00   54.65      0.00
09:20:02 PM    2   18.40    0.00   22.50    0.00    0.00    6.20    0.00   52.90      0.00
09:20:02 PM    3   19.70    0.00   22.00    0.00    0.00    6.40    0.00   51.90      0.00
09:20:02 PM    4   19.02    0.00   22.32    0.00    0.00    6.51    0.00   52.15      6.01
09:20:02 PM    5   18.60    0.00   22.30    0.00    0.00    6.10    0.00   53.00      0.00
09:20:02 PM    6   18.40    0.00   22.20    0.00    0.00    6.10    0.00   53.30      0.00
09:20:02 PM    7   18.82    0.00   22.62    0.00    0.00    6.41    0.00   52.15      0.50
09:20:02 PM    8   20.40    0.00   21.20    0.00    0.00    7.30    0.00   51.10      0.00
09:20:02 PM    9   18.98    0.00   22.88    0.00    0.00    5.59    0.00   52.55      0.00
09:20:02 PM   10   18.22    0.00   22.32    0.00    0.00    6.41    0.00   53.05      0.00
09:20:02 PM   11   19.50    0.00   23.30    0.00    0.00    6.00    0.00   51.20      0.00
09:20:02 PM   12   21.08    0.00   23.48    0.00    0.00    5.89    0.00   49.55      1.40
09:20:02 PM   13   18.80    0.00   22.90    0.00    0.00    6.40    0.00   51.90     12.41
09:20:02 PM   14   17.92    0.00   21.72    0.00    0.00    6.41    0.00   53.95      1.30
09:20:02 PM   15   21.00    0.00   23.80    0.00    0.00    6.00    0.00   49.20      0.90

09:20:02 PM  CPU   %user   %nice    %sys %iowait    %irq   %soft  %steal   %idle    intr/s
09:20:12 PM  all   18.89    0.00   22.46    0.00    0.01    6.42    0.00   52.23   1019.60
09:20:12 PM    0   19.10    0.00   13.40    0.00    0.00   10.00    0.00   57.50   1000.10
09:20:12 PM    1   18.32    0.00   21.52    0.00    0.00    6.41    0.00   53.75      0.00
09:20:12 PM    2   18.42    0.00   22.72    0.00    0.00    6.41    0.00   52.45      0.00
09:20:12 PM    3   17.62    0.00   21.42    0.00    0.00    6.41    0.00   54.55      0.00
09:20:12 PM    4   19.08    0.00   23.08    0.00    0.00    5.49    0.00   52.35      4.90
09:20:12 PM    5   19.08    0.00   23.88    0.00    0.00    5.79    0.00   51.25      0.00
09:20:12 PM    6   17.30    0.00   23.50    0.00    0.00    5.90    0.00   53.30      0.00
09:20:12 PM    7   18.48    0.00   23.88    0.00    0.00    5.39    0.00   52.25      0.60
09:20:12 PM    8   17.72    0.00   20.22    0.00    0.00    8.11    0.00   53.95      0.00
09:20:12 PM    9   17.02    0.00   21.72    0.00    0.00    6.41    0.00   54.85      0.00
09:20:12 PM   10   19.60    0.00   23.40    0.00    0.00    6.60    0.00   50.40      0.00
09:20:12 PM   11   18.72    0.00   21.62    0.00    0.00    6.41    0.00   53.25      0.00
09:20:12 PM   12   20.52    0.00   24.22    0.00    0.00    5.51    0.00   49.75      1.30
09:20:12 PM   13   18.48    0.00   23.28    0.00    0.00    6.09    0.00   52.15     11.30
09:20:12 PM   14   20.80    0.00   25.30    0.00    0.00    5.80    0.00   48.10      0.60
09:20:12 PM   15   21.92    0.00   26.13    0.00    0.00    5.91    0.00   46.05      0.80

09:20:12 PM  CPU   %user   %nice    %sys %iowait    %irq   %soft  %steal   %idle    intr/s
09:20:22 PM  all   19.10    0.00   22.24    0.00    0.00    6.65    0.00   52.01   1013.40
09:20:22 PM    0   20.60    0.00   15.20    0.00    0.00   10.90    0.00   53.30   1000.10
09:20:22 PM    1   18.60    0.00   22.20    0.00    0.00    6.10    0.00   53.10      0.00
09:20:22 PM    2   18.70    0.00   23.10    0.00    0.00    5.90    0.00   52.30      0.00
09:20:22 PM    3   18.70    0.00   23.20    0.00    0.00    5.60    0.00   52.50      0.00
09:20:22 PM    4   17.52    0.00   21.42    0.00    0.00    6.11    0.00   54.95      1.90
09:20:22 PM    5   18.80    0.00   22.80    0.00    0.00    6.70    0.00   51.70      0.00
09:20:22 PM    6   18.00    0.00   21.80    0.00    0.00    6.40    0.00   53.80      0.00
09:20:22 PM    7   17.70    0.00   22.60    0.00    0.00    6.90    0.00   52.80      0.60
09:20:22 PM    8   20.88    0.00   22.98    0.00    0.00    7.79    0.00   48.35      0.00
09:20:22 PM    9   21.20    0.00   23.10    0.00    0.00    6.20    0.00   49.50      0.00
09:20:22 PM   10   19.90    0.00   23.10    0.00    0.00    6.00    0.00   51.00      0.00
09:20:22 PM   11   19.88    0.00   22.88    0.00    0.00    6.19    0.00   51.05      0.00
09:20:22 PM   12   18.60    0.00   22.00    0.00    0.00    6.00    0.00   53.40      2.00
09:20:22 PM   13   19.12    0.00   24.12    0.00    0.00    6.31    0.00   50.45      7.40
09:20:22 PM   14   18.58    0.00   22.68    0.00    0.00    6.39    0.00   52.35      0.60
09:20:22 PM   15   18.92    0.00   22.72    0.00    0.00    6.81    0.00   51.55      0.80

09:20:22 PM  CPU   %user   %nice    %sys %iowait    %irq   %soft  %steal   %idle    intr/s
09:20:32 PM  all   19.36    0.00   22.38    0.00    0.00    6.70    0.00   51.57   1015.10
09:20:32 PM    0   21.90    0.00   14.70    0.00    0.00   11.00    0.00   52.40   1000.10
09:20:32 PM    1   19.08    0.00   23.48    0.00    0.00    5.49    0.00   51.95      0.00
09:20:32 PM    2   18.58    0.00   23.48    0.00    0.00    6.19    0.00   51.75      0.00
09:20:32 PM    3   18.40    0.00   23.20    0.00    0.00    5.90    0.00   52.50      0.00
09:20:32 PM    4   18.88    0.00   22.88    0.00    0.00    6.89    0.00   51.35      2.70
09:20:32 PM    5   18.52    0.00   21.72    0.00    0.00    7.21    0.00   52.55      0.00
09:20:32 PM    6   18.40    0.00   22.10    0.00    0.00    6.20    0.00   53.30      0.00
09:20:32 PM    7   17.52    0.00   22.22    0.00    0.00    6.41    0.00   53.85      0.60
09:20:32 PM    8   21.90    0.00   21.60    0.00    0.00    8.10    0.00   48.40      0.00
09:20:32 PM    9   19.00    0.00   23.80    0.00    0.00    6.00    0.00   51.20      0.00
09:20:32 PM   10   20.90    0.00   23.50    0.00    0.00    5.70    0.00   49.90      0.00
09:20:32 PM   11   19.30    0.00   23.80    0.00    0.00    6.10    0.00   50.80      0.00
09:20:32 PM   12   20.90    0.00   23.30    0.00    0.00    6.60    0.00   49.20      1.00
09:20:32 PM   13   19.80    0.00   23.10    0.00    0.00    6.60    0.00   50.50      9.50
09:20:32 PM   14   18.60    0.00   22.80    0.00    0.00    6.80    0.00   51.80      0.50
09:20:32 PM   15   18.08    0.00   22.48    0.00    0.00    6.19    0.00   53.25      0.70

09:20:32 PM  CPU   %user   %nice    %sys %iowait    %irq   %soft  %steal   %idle    intr/s
09:20:42 PM  all   18.78    0.00   22.26    0.00    0.00    6.53    0.00   52.42   1016.52
09:20:42 PM    0   19.62    0.00   13.91    0.00    0.00   10.51    0.00   55.96   1001.10
09:20:42 PM    1   17.52    0.00   21.02    0.00    0.00    6.61    0.00   54.85      0.00
09:20:42 PM    2   18.22    0.00   21.62    0.00    0.00    6.01    0.00   54.15      0.00
09:20:42 PM    3   18.40    0.00   22.20    0.00    0.00    6.40    0.00   53.00      0.00
09:20:42 PM    4   18.90    0.00   23.20    0.00    0.00    6.00    0.00   51.90      3.40
09:20:42 PM    5   17.20    0.00   23.60    0.00    0.00    6.00    0.00   53.20      0.00
09:20:42 PM    6   18.62    0.00   23.72    0.00    0.00    6.21    0.00   51.45      0.00
09:20:42 PM    7   17.88    0.00   22.38    0.00    0.00    5.89    0.00   53.85      0.60
09:20:42 PM    8   19.40    0.00   21.30    0.00    0.00    7.50    0.00   51.80      0.00
09:20:42 PM    9   19.80    0.00   22.90    0.00    0.00    6.60    0.00   50.70      0.00
09:20:42 PM   10   17.90    0.00   21.90    0.00    0.00    6.40    0.00   53.80      0.00
09:20:42 PM   11   18.10    0.00   22.50    0.00    0.00    6.40    0.00   53.00      0.00
09:20:42 PM   12   20.00    0.00   24.00    0.00    0.00    5.80    0.00   50.20      1.50
09:20:42 PM   13   20.70    0.00   24.60    0.00    0.00    6.10    0.00   48.60      8.51
09:20:42 PM   14   20.20    0.00   24.20    0.00    0.00    6.10    0.00   49.50      0.60
09:20:42 PM   15   18.00    0.00   23.10    0.00    0.00    6.00    0.00   52.90      0.80

09:20:42 PM  CPU   %user   %nice    %sys %iowait    %irq   %soft  %steal   %idle    intr/s
09:20:52 PM  all    0.56    0.00    0.69    0.00    0.00    0.23    0.00   98.52   1016.10
09:20:52 PM    0    0.50    0.00    0.30    0.00    0.00    0.30    0.00   98.90   1000.10
09:20:52 PM    1    0.50    0.00    0.60    0.00    0.00    0.20    0.00   98.70      0.00
09:20:52 PM    2    0.40    0.00    0.70    0.00    0.00    0.20    0.00   98.70      0.00
09:20:52 PM    3    0.60    0.00    0.70    0.00    0.00    0.20    0.00   98.50      0.00
09:20:52 PM    4    0.30    0.00    0.60    0.00    0.00    0.20    0.00   98.90      1.20
09:20:52 PM    5    0.60    0.00    0.60    0.00    0.00    0.20    0.00   98.60      0.00
09:20:52 PM    6    0.40    0.00    0.60    0.00    0.00    0.20    0.00   98.80      0.00
09:20:52 PM    7    0.70    0.00    0.70    0.00    0.00    0.40    0.00   98.20      0.50
09:20:52 PM    8    1.30    0.00    1.20    0.00    0.00    0.30    0.00   97.20      0.00
09:20:52 PM    9    0.60    0.00    0.80    0.00    0.00    0.20    0.00   98.40      0.00
09:20:52 PM   10    0.40    0.00    0.60    0.00    0.00    0.00    0.00   99.00      0.00
09:20:52 PM   11    0.50    0.00    0.70    0.00    0.00    0.10    0.00   98.70      0.00
09:20:52 PM   12    0.40    0.00    0.60    0.00    0.00    0.20    0.00   98.80      1.40
09:20:52 PM   13    0.60    0.00    0.80    0.00    0.00    0.30    0.00   98.30     10.70
09:20:52 PM   14    0.50    0.00    0.70    0.00    0.00    0.10    0.00   98.70      1.00
09:20:52 PM   15    0.70    0.00    0.90    0.00    0.00    0.40    0.00   98.00      1.20

09:20:52 PM  CPU   %user   %nice    %sys %iowait    %irq   %soft  %steal   %idle    intr/s
09:21:02 PM  all    0.26    0.00    0.08    0.00    0.00    0.01    0.00   99.65   1012.60
09:21:02 PM    0    0.00    0.00    0.00    0.00    0.00    0.00    0.00  100.00   1000.10
09:21:02 PM    1    0.10    0.00    0.10    0.00    0.00    0.00    0.00   99.80      0.00
09:21:02 PM    2    0.00    0.00    0.00    0.00    0.00    0.00    0.00  100.00      0.00
09:21:02 PM    3    0.00    0.00    0.10    0.00    0.00    0.00    0.00   99.90      0.00
09:21:02 PM    4    0.00    0.00    0.00    0.00    0.00    0.00    0.00  100.00      2.50
09:21:02 PM    5    0.00    0.00    0.00    0.00    0.00    0.00    0.00  100.00      0.00
09:21:02 PM    6    0.10    0.00    0.00    0.00    0.00    0.00    0.00   99.90      0.00
09:21:02 PM    7    0.10    0.00    0.00    0.00    0.00    0.00    0.00   99.90      0.60
09:21:02 PM    8    0.00    0.00    0.00    0.00    0.00    0.00    0.00  100.00      0.00
09:21:02 PM    9    1.10    0.00    0.40    0.00    0.00    0.00    0.00   98.50      0.00
09:21:02 PM   10    0.10    0.00    0.10    0.00    0.00    0.00    0.00   99.80      0.00
09:21:02 PM   11    0.30    0.00    0.10    0.00    0.00    0.00    0.00   99.60      0.00
09:21:02 PM   12    0.00    0.00    0.00    0.00    0.00    0.00    0.00  100.00      1.10
09:21:02 PM   13    1.00    0.00    0.40    0.00    0.00    0.10    0.00   98.50      6.80
09:21:02 PM   14    1.30    0.00    0.20    0.00    0.00    0.00    0.00   98.50      0.60
09:21:02 PM   15    0.10    0.00    0.00    0.00    0.00    0.00    0.00   99.90      0.90
